GeneSymbol	4033	4034	4027	4028	4112	4113	4116	4117	4214	4215	4315	4316	4340	4341	4344	4345	3532	3533	3536	3537	4299	4300	4722	4723
ENSG00000006747.15	81.9955188342544	101.127247434989	109.48318250926	88.5721664239831	111.470485257449	101.120118950686	110.536949795236	107.964863164238	98.7957876039317	126.22457478139	93.3879610794884	132.739509942941	77.2813423113204	74.9085869589978	72.0667661537985	86.4065907337082	71.8104275757144	93.1282514705196	80.923391989037	83.4851115843923	83.0272414385822	88.5586465336516	122.02134582995	354.548671742296
ENSG00000007237.18	639.487928863831	1550.6297675575	461.191290319826	1455.31374484044	1213.1691969448	1701.46013103993	969.382339098793	1196.47144314099	1087.13756198706	1578.23631713058	468.799209680402	851.499877060071	705.997819912506	735.65653806503	639.576735060557	613.885984933032	752.206717815625	1142.36533283173	788.089355869915	1385.55650871864	554.871261858296	1004.70349024605	309.637355516442	1611.0903225825
ENSG00000010610.10	304.149692521786	92.2834983570843	435.4240490426	91.7298615714175	120.245155157878	112.008950906105	204.561173397353	105.406128828745	255.796830492087	76.3995706822194	231.522102591644	102.182164028134	111.380054290214	94.6582822352899	109.271102011698	100.078948873395	132.802780104013	101.431170270987	145.916408440939	101.304697325446	109.027207740833	107.015394770363	784.424844663551	161.846502483782
ENSG00000011465.17	25148.3797380116	47697.9209179055	28192.6104619834	33822.1326102235	68156.6357066172	117847.639638737	38673.1840507164	55235.1595667395	57872.271572663	52953.4004195408	50740.0857297922	81041.0152800057	36196.9387086558	42529.7546805892	39001.4607534565	33785.7134700264	23480.2784607979	41699.58762637	21563.1852156046	26002.0522193091	38780.7689187083	77150.0689406477	47951.4765900762	43769.505323505
ENSG00000017427.16	489.130290522972	1225.53503280216	194.917733125324	290.922252315086	514.384879568068	4540.12787337692	284.333569169187	351.96525293352	451.501392652552	459.17464439559	1308.86291929094	3495.75961805268	263.388880203881	536.043941193007	285.405916343988	408.14884234827	239.908824227975	1352.92907315258	458.891885067289	1073.0795735136	313.135830158326	588.727122369614	203.377068689964	282.633030723456
ENSG00000038427.16	22320.6906362718	18508.493696531	20539.7899252062	20203.9179378061	34654.0310226324	32276.1501076015	25065.5344748453	22416.0659180919	19494.8223771531	20591.4662284791	28724.8556894104	23206.1026515052	24891.5830682999	31365.4457300551	20987.0291157057	18050.6668814467	23125.7983550766	18840.6015377475	18721.6759025002	23238.5274361641	25503.5433952613	32590.9084669977	25954.4914554454	20953.70323474
ENSG00000060718.22	742.547540964731	1234.74059066219	1226.47473969011	1785.49997027962	1920.3033774006	895.014335512412	916.01320418589	1506.41358117373	731.149097383778	1063.18856217256	1244.29561344395	1431.27600180192	1107.33736802398	741.383181040523	855.973226493021	191.395778667156	978.060497885055	2002.75405525022	426.161335278429	349.838136657876	2279.40826836208	1937.44937587882	947.097678444014	1300.68765963236
ENSG00000064205.10	323.560958239252	2174.52734175355	565.182163231119	1292.98279690787	761.527639200237	2182.47005276791	376.184575875531	2103.11259713325	1944.96967947609	2171.78622062894	926.805690442986	1611.4005231784	240.429360970128	240.065614458527	317.859117849375	223.592121134615	251.19582230464	1957.31497456715	265.78402165306	288.376194424532	331.471189367494	2080.88109501961	309.398729211033	896.942888611372
ENSG00000069122.19	1029.12569433922	237.847564449335	2756.64520129534	122.887333068157	352.548505737082	149.039289091031	379.767906030488	144.873492905665	1017.94932939346	192.333438371674	1229.71259334379	274.799782775569	285.260262930757	263.252144822482	309.824092203216	178.215852132804	284.942099603538	118.474061964507	876.323685568125	229.853193718615	758.582906634596	400.726635014849	4458.29626345859	560.883308241859
ENSG00000074181.9	4146.34897165997	3957.05118627019	7529.50035624502	2753.26241348475	5294.75302271926	5070.40734359241	2730.61981611649	2114.01534373143	8528.17421868031	4099.40679926004	8550.30858026464	5554.70098840351	4583.48693304731	3362.86784413939	4948.31367317184	4668.5797024493	2288.52800570613	3733.5876240088	3612.37958358595	2543.32449006175	3477.23061169184	4545.57501352937	13310.9562675968	9783.13988544534
ENSG00000076706.17	1941.1225898896	3171.7052147115	2387.58865544946	1570.80156064271	1800.98880493841	2665.31563329712	1359.52850605127	3309.69761178072	1834.62037025482	4298.85235980307	2118.86778428984	3804.84378346778	1187.44175894498	907.807868265307	1378.32270227052	938.050448186089	1079.08094827791	2147.62200457406	1298.18169397299	1084.15074324116	1029.94820443072	1809.34024768952	13693.5963624196	4844.30671359727
ENSG00000077942.19	7142.43834914481	8785.28612702447	3271.93345458805	4468.14537692954	10239.911883642	15503.2241417542	6651.95120634156	9254.00768104886	9323.64578959737	10981.1892532324	5750.32435162256	9762.13294163433	6246.52282365358	6933.19210762907	4893.73082448648	4469.82694327887	6500.67452102906	8938.8495765243	4978.91804163596	6398.29585050215	6759.26768026735	12195.838941741	4568.58767091756	4557.35127961858
ENSG00000078098.14	4249.76822620159	3955.04770850814	3767.14185036199	3056.9251311478	5260.14464770902	4917.25909729114	4198.18058348522	3382.44779060028	4106.63686082379	3554.57298391459	5416.53609745584	4801.38448544513	4600.11217423334	5171.33159343807	4623.4095043338	4554.21284848325	3609.20252411017	4142.39751668322	3732.52196781262	4230.56594487195	4770.41304136512	5610.34844372581	4691.5069904378	4052.7182100124
ENSG00000079931.15	1044.8201735479	2428.83568348569	793.694136519637	1547.94550735541	2574.87121556035	3445.54513133126	1585.59614707306	1976.71203316259	4179.69089776101	3157.23187070694	1874.0108725235	2698.15293849955	1158.44577512118	1504.92155544447	1024.43110416802	422.500846227245	548.408959415243	1793.23191985471	688.282297116712	1624.12972773267	547.498250186225	2737.18739033745	1511.20969805643	2105.26996164254
ENSG00000081189.15	948.47230248335	1430.02204006273	853.68790220162	743.43090212809	746.637635025219	1274.2876092019	534.045350000558	804.052009120307	681.738255962218	852.276160362819	868.623959203262	1065.61507689422	473.630827213195	452.987624579065	379.866274018853	326.053396464762	578.628073316966	891.0819828504	614.088598055915	816.401259955629	424.254394958684	512.616769186896	1338.17573307599	1144.57005480585
ENSG00000082196.20	476.05205609446	340.654915003072	342.877325118349	238.881747319718	920.48521890025	581.014403122491	331.06036131113	403.460302392009	382.449388935299	414.552070089471	494.379797263379	467.579915556268	446.109554604298	395.103515446027	769.873459140583	630.237554979844	410.330792551146	335.968158811184	313.63750043534	312.469291652154	687.340948677506	766.719219155714	347.394335125067	532.432691839252
ENSG00000082684.15	94.3488887260093	94.5845603056837	97.8275678043001	79.3243246990244	90.4000659329635	90.559788589266	93.0192129556499	79.3243246990244	79.3243246990244	79.3243246990244	95.778297395905	79.3243246990244	93.9956527530914	79.3243246990244	79.3243246990244	102.026645846043	79.3243246990244	79.3243246990244	79.3243246990244	79.3243246990244	95.1905280749697	90.9292162772907	153.643759357886	79.3243246990244
ENSG00000086991.13	548.533014513123	368.769586167982	606.623958150989	353.081732672573	218.409444633703	152.000192543957	311.223798437295	195.365977266687	394.575354724941	283.120100989494	478.80979658427	294.135916081333	552.961751082378	498.18561086878	415.635859838244	418.597828347979	457.197301465448	403.356705671586	361.762493423334	380.830234801657	632.050106754508	477.580575216687	146.813055866549	497.468179965158
ENSG00000087245.13	38546.3080215428	42650.067026715	33661.4754805461	42027.4044473698	44700.4047554429	49493.1362915489	42476.7844319094	42530.8458360424	41261.0940970093	41627.3628102694	49535.9300189724	57198.9314110336	40743.290691474	46382.0538561667	41635.2589838266	38812.7114903333	35466.1169371113	48486.5073927742	38015.0745372227	44780.6917405661	41856.7217314715	50443.6727227607	15865.8478419002	35997.2169601345
ENSG00000091986.15	37285.1234685951	41979.8678402767	52151.9920602093	56491.5980089018	41285.9011239451	40309.9381807358	48482.7320287678	56230.5311250907	35335.4398379563	45863.79586745	46233.1272112092	46488.0480194182	59530.5376033542	56483.7848360719	49883.8761435822	43561.5291903495	52426.5671373701	38806.6482442758	36859.0788067908	34903.6048935748	43532.0959104543	45696.3752881185	23743.7838215931	46759.3024757974
ENSG00000095370.20	78.1570897915493	73.6088853357526	84.6767215418418	54.954294521725	65.6339887127735	70.86213048408	66.2818608829483	61.8431046283775	76.3830287021858	54.954294521725	75.1478048750356	62.616749531633	54.954294521725	54.954294521725	54.954294521725	62.0302263698555	54.954294521725	68.4836648888822	62.2543206679345	65.7270288005653	54.954294521725	68.962659609328	94.493413936369	54.954294521725
ENSG00000099953.10	461.683483188553	876.103006230907	364.932217849053	246.407453683371	341.632208254236	500.245253986095	301.289615423414	302.471516431712	354.231052387333	374.921324452446	546.341681488313	684.483041771124	279.594457822612	339.078168785403	286.900821635282	304.843650457316	241.958320287504	377.692827654027	353.877128016256	598.463228144234	314.328741716207	292.56230066903	1462.97675897571	463.869432988842
ENSG00000101115.13	136.512415569028	168.284962140888	95.3129867763541	95.8465244819375	129.384514979558	100.384813203894	80.2541142153538	75.6086719238193	83.1333954100056	77.3831325867981	95.9066466175501	102.891719571985	86.1883709741548	77.7959078585233	80.7840205131712	97.4743833025038	79.7761033570953	82.6295800069652	122.542908973497	155.045229266629	128.768557710057	91.8877284739044	61.5420514494966	81.8758744948165
ENSG00000101463.6	241.654207886065	104.31588635553	116.683526132816	74.3533595344052	179.106842747545	173.527265735487	118.290906528878	118.21770471153	96.1449901373298	82.1987452917324	173.909591553983	126.792654325026	175.791062182466	126.139767884836	171.783942782439	110.419702894813	190.07326127573	88.4763263210753	116.401014236972	97.7717364505784	185.51402407627	143.674452730519	50.8120880423719	83.4368443440826
ENSG00000101605.12	115.044855453143	138.610937014203	102.848531407018	94.2772165134263	146.9985901201	219.072895906766	97.1335561186528	88.7561358762439	129.732143146185	117.516122147867	149.106121282193	168.814408891688	116.416912807919	106.332288491683	118.4010967182	107.699456252757	86.8942780943031	106.651564452211	113.864611515887	120.828749732512	111.982832334006	121.652591883131	175.597776769243	119.090059172581
ENSG00000101825.8	7705.86442129731	2169.40761067185	3052.76249640164	2410.72393299541	6377.75046708573	4834.17168389244	6483.97968062291	3559.61267757933	5244.18273691351	4269.79054363209	5807.25467576924	5722.71065022321	6483.40030432772	7589.65625735192	6256.0260896585	3651.88627098838	6027.23863173017	2693.75577650664	4562.42052972333	7488.05182669394	6281.22055577849	4682.55108853521	727.169988941045	5511.8968996158
ENSG00000103175.11	153.686746278296	70.2249395553108	256.109572737451	72.2629126343801	81.4288370018915	70.9259042673369	78.1202031727273	67.02742225566	101.912784621878	70.8057235579942	168.479003667382	85.8757574622811	93.6746323069276	82.9349550428003	89.0402840797989	78.8484116987041	67.2012429255734	75.8855673355877	125.003498710449	73.507150172538	90.2186118260733	74.0425138872946	528.507052355949	95.5003811653184
ENSG00000103888.17	6569.62949723998	7649.28200163564	1813.60278448659	1386.12951479031	3278.86521511418	5911.94676332771	1971.47319331332	1404.71868645187	4778.19952993671	2390.3307339221	5551.71086232085	5077.64592262728	1778.08561338946	2985.28701142055	3019.89937935031	5576.94715554724	860.839208989591	2556.49638907911	4751.46790185766	6242.84553737208	2151.29006202751	1905.06529051989	1328.42409899816	2136.66385852238
ENSG00000104213.12	727.992740646765	525.680579209051	721.666998971339	415.657206862772	672.788101318832	970.88948401172	678.695741856285	517.628615216775	391.853272279845	419.794828277481	948.678444761356	872.304643443267	698.068525932693	1094.2883773139	457.205555326812	714.873823672083	630.03727688141	755.211333933087	1099.22131934628	931.030943272271	436.098746214015	464.16938578082	660.974279509515	531.863638610416
ENSG00000104415.14	335.614206894623	355.837238255954	423.981712502092	548.469701482469	926.146117729495	615.524783301384	272.996815729492	333.693495238363	683.997647863723	620.179298353035	739.094636703503	557.425823063166	369.157523879692	378.854036175214	344.786369586808	294.427735031023	296.009090313673	600.769727657996	293.940252396627	418.598947276419	434.391981914386	1508.2220594114	271.195645947874	583.807683664085
ENSG00000105664.11	2759.53035895326	7470.33061309078	190.209497931025	1582.6561867805	1684.06451713926	4210.470245443	652.378039779854	1552.8667383781	4250.68728642125	4166.58080082321	1881.23122092777	3886.46966985867	767.204520036791	735.822528653741	2773.32158572383	961.208240801248	465.591313445552	2827.72747628174	966.247412910095	2509.03192473355	550.652403062109	1277.33053562032	381.4246821902	1950.76232286814
ENSG00000105989.9	393.062686361276	902.508791636492	306.605051150883	938.324615399963	899.052964189742	1588.38439589562	498.701796228156	865.696498610204	1042.47221199283	669.727036335333	611.862580894624	874.953559437686	510.959363071591	730.321297394093	274.131922698853	329.315707376829	367.524114693868	1224.68931819493	375.206158082592	545.933732614329	277.465620136977	647.610532513597	256.310816349382	747.692333126852
ENSG00000106483.12	4559.00139599103	19112.8436976609	1566.55311709787	11433.6414765769	4904.34678678074	29195.8973765642	3495.75070373508	8141.30278751415	7329.26718482034	5253.14801717709	6515.64755315507	15979.8004022412	2691.71539562229	7944.65859479654	971.347881767842	984.088301268402	1809.59884086892	16579.8370500171	2501.86081613679	2657.61971336399	1665.93035025156	5239.24363459578	531.297905666316	4009.80791890204
ENSG00000106809.11	558.155319732937	440.384915200752	220.562808430174	330.4812047372	639.967531789291	1595.27305304534	362.843113637042	527.748326181286	249.036383741081	432.625085809095	384.536787368922	835.164351184483	311.336076381369	351.847896357785	364.750273919301	286.250959530383	280.315747439702	287.855974809282	237.61942485854	257.661774301267	360.657029580922	478.268623894311	201.716420135723	399.979450924175
ENSG00000108387.14	186.100319432505	232.175082750192	181.143081396456	213.263319878188	169.174545550749	199.622486730609	191.862415925838	190.26972744156	220.809823951153	269.540269499719	227.167817411193	225.597868089168	199.753203211861	177.117369536606	209.847657459479	173.452057075769	173.386753173554	226.309372915081	168.908326044976	214.97607546317	174.454021566151	214.562847121304	240.855599503897	206.821502650566
ENSG00000108821.13	305214.484716133	383570.031569378	368385.781515109	378348.968880152	544460.713443896	567443.450176291	420302.628684282	413674.082034749	435546.594986776	384625.30194857	589909.445308393	496603.94201575	455889.390467255	481551.011976149	492828.196932452	507367.385984924	310345.003670988	338452.528881007	415878.344348498	419123.370214327	423979.236087231	611836.11023641	454143.014840614	534397.18578272
ENSG00000108823.16	118.872583502644	86.4916713451317	147.778245676815	79.3585451389886	77.2904565035265	154.366167521464	84.0073706426053	106.07294590801	88.1581328009874	77.3673030768702	134.57078739121	85.8813813938619	68.8656609936446	75.6863903501965	67.9325849709659	76.3885482899456	74.810256221923	94.9874509062894	62.3756253928699	55.5019761657719	75.3667540174271	76.7160341880133	147.764266382183	104.593760528163
ENSG00000111424.10	618.904406994706	915.432801230564	858.395677437982	1240.81661484333	690.876046742926	636.953096887689	466.889090848118	529.236289191516	791.248839713946	703.459545402844	688.113451435126	601.438154938835	550.467773888969	601.515838567977	614.730797234736	602.5494778172	657.387654481789	1077.93367149917	483.994904525113	644.942392724592	696.298720906027	994.598648458867	481.019922521367	733.086206487762
ENSG00000113083.14	11597.9736785879	18680.7981632027	15771.2403732882	19087.825768759	21548.8869923753	19726.6527181386	18283.6295034505	21877.0642418763	18789.3735241219	20983.0090421794	18990.7150474223	19957.3856825997	18499.1281635384	19280.0639892911	18352.787161309	19662.9541603326	16831.9216194933	15163.6791867504	19557.4351856175	18385.7909376714	17391.2236265801	23368.9241027153	17681.4690673473	20563.26224453
ENSG00000113361.13	4051.58886562783	570.293235094374	4125.02713761894	235.167079024661	773.49585715338	186.716247466329	1881.01192065778	304.453800148204	567.84163211284	253.440709562661	2578.46887859446	412.017781294618	1861.09895751164	1682.8884109371	1866.23092320063	922.896842031414	2842.03006338869	310.113421683497	1595.12749637762	1360.21404247189	1552.38395429962	781.937994481897	6211.076405461	926.994521335317
ENSG00000113657.13	4642.13063847113	1837.65222134053	2079.59679606342	1299.76031659232	4418.5866738037	3894.06849531315	4601.24290972886	3251.2148646019	3167.19890810954	3041.91664614117	4534.94586885698	5029.95054644106	5184.49403843697	6128.40825287835	3517.65062183091	4198.44551915593	4278.49078947248	2684.74082311227	3431.92248395739	3929.39792422136	4624.5785906525	4432.27157862714	2324.24818343415	1844.28022245995
ENSG00000115380.20	3907.38598643977	10076.6975564011	6059.5839109701	11458.8218770365	4267.72631477051	12904.4804726406	7250.44063666164	13515.3274513151	10306.8565821424	6364.60333247948	12537.4631440049	17198.9279671221	6251.56605925436	7748.03878677364	3293.00944374367	3571.36325969625	5948.92016194015	11352.6493438137	3794.34326334182	5299.62457079984	3740.90766451188	12726.864939963	4815.28333779439	11657.4361239075
ENSG00000115884.11	1595.4929415437	1873.85190168881	940.661302266086	2340.3590404379	1091.81651053434	717.277893276715	1872.10033994882	2455.43462052022	937.8985097556	1674.54187036044	864.488022257757	1212.1041878196	1808.72212311004	1644.91119711457	1550.57461750721	1306.92646105323	2693.18558843386	1845.12738943452	1311.92346970986	1484.32434984897	1360.56533039785	1156.84990686775	225.21296466053	838.024562718511
ENSG00000117122.13	2696.77724863477	1915.52453609224	2094.686813425	1556.74935097976	2153.52664340179	1750.13091960021	1558.61865547054	1451.0114360034	2427.55398227214	2344.10389302105	2901.0926749642	2439.12673698336	3054.73171798216	2906.92943658504	2003.76600005654	1704.36825394956	2008.24162586511	2029.71466586752	692.416901593953	991.389439220815	3330.41512574154	3592.17064440258	2597.49999234015	2015.24879781218
ENSG00000117586.11	144.36807957769	90.8507631595854	152.757482748599	86.0123953981093	333.955726683902	113.356533425409	145.398140812006	101.761593381049	158.399121314828	122.21054247397	181.178874347121	124.922659066486	417.171320317035	303.784484015172	476.462685369896	239.03657133148	134.7769527414	88.429520727905	155.716163756693	142.949202839094	419.582160473899	260.300801893611	971.672349102865	144.250862425896
ENSG00000118729.11	102.206682897552	75.8041416289981	116.807970583718	75.8041416289981	86.3527139695801	75.8041416289981	97.4045049613415	75.8041416289981	91.0376525750683	75.8041416289981	95.4064849586592	75.8041416289981	75.8041416289981	75.8041416289981	75.8041416289981	75.8041416289981	85.9338221694009	75.8041416289981	86.2724602063787	75.8041416289981	86.2044024007243	86.8565720835867	124.856082196265	90.4581334266903
ENSG00000120594.17	1360.76836643961	416.405471693713	489.235534335012	269.587881199571	1280.6760313677	628.79836711921	1034.33549199583	330.894233611868	566.526623841287	377.89234676804	1623.43731107267	1101.92954707328	1741.55278960786	2079.40235460366	1665.32852919917	1025.2746494919	1055.06078174466	423.311900777769	1005.89624364959	1231.97946907168	1227.3445176044	1232.58969636378	490.978358888314	350.501881361336
ENSG00000122367.19	110.16155180625	101.956044342206	101.18304707984	89.8553722294449	108.308187872316	106.391020988042	103.272626002019	101.587534273615	105.73142655943	94.7836478277187	95.1301618595776	114.47282373906	103.175198523119	103.764492014694	97.7250072676293	102.32176774041	96.9978894346222	101.107454340776	108.042890033913	113.122466898259	103.017670830408	107.463196735809	303.342306383046	111.043154124861
ENSG00000122641.11	22271.4681197506	9742.31554523381	12500.7026699885	8274.55512983756	13777.3001662429	7528.23429070583	13816.4598887623	6522.17274064913	12939.6154164466	8233.06995015103	14883.4382085425	10864.5094442989	13990.9152296075	14543.4357604519	12460.1713097245	12332.2516239128	12746.5882286977	8745.80034770417	19734.4462747491	16377.7425872455	14676.3522791261	13158.1970381629	12110.1030077275	20396.0639684469
ENSG00000122870.11	3717.51165311179	5349.33755509181	2922.19218407243	3996.21082146828	4219.23304271288	5375.35020409081	3017.44233762273	3349.76186432648	4341.9576980515	3854.61404913973	4221.02843158651	4744.59270580592	3068.83156997842	3655.46466407572	3454.79648562788	3872.24173853963	2941.74370750355	4735.33499011954	3300.52569293602	3793.9843032666	3064.97098897014	4320.10683289655	2060.29214193854	3595.21022151462
ENSG00000123500.10	447.199492678969	200.886028896425	348.888460772554	342.72612030458	475.854937459779	188.585859008112	234.945211500762	277.955296761129	435.03429350878	394.872811873277	758.325532577091	462.911997372779	609.143309915552	228.379580212898	359.554771743123	233.311902285421	408.112684164788	285.286795029515	279.110455304419	173.9361381304	1300.44746267935	581.318663460217	116.724849262619	226.615591614969
ENSG00000124212.6	9339.53667238428	7860.76844298583	1586.62696332899	3678.91167535933	7237.34777259106	12982.4290166208	4739.48872190606	5703.87480718661	6552.67999732859	5340.14565358435	7261.58796050948	8496.5093100451	2983.48746226923	6870.92089816676	3456.74858152596	3879.99121256222	3602.54211173016	5965.56592028362	4748.38863937072	5962.77196089946	2317.9121072698	7776.44818292265	4549.34304813703	1737.73428390367
ENSG00000125730.16	2172.22978691753	3369.23888530929	1026.67576883064	3819.66897243036	2479.07537566021	15719.5185731456	4177.26751190877	2603.49182138993	2192.97939113064	1828.36143584029	1990.12473958846	5643.42586811881	3780.30927105246	12024.1636750787	845.785345556822	822.74963185097	1357.44491626197	3699.10413880995	2218.51633837015	5310.54698633349	2696.11551089025	5161.76885204958	842.396901499512	1140.7918787692
ENSG00000125895.5	64.7606396464555	42.4195831320733	50.3600915573978	42.4195831320733	51.0463717598493	58.6581203696327	42.4195831320733	47.9768218697018	50.9917073497477	48.3738151423371	48.4824753344228	53.6801742396472	42.4195831320733	52.4444138657499	54.9991328209628	61.8437552641353	48.1188251671868	55.2772576820108	54.995730081771	53.304637059263	42.4195831320733	51.4694310384257	52.1581961993718	52.7236522714438
ENSG00000127083.7	185.852286073714	212.792944878413	146.18950253787	180.52711476102	201.854379926349	249.837528774997	161.360611913365	285.986881303231	226.277981902535	295.836102154678	164.315496736199	259.096397419873	180.386053193415	170.122965850766	163.806662929749	146.18950253787	170.858981460238	224.72566002525	146.18950253787	172.115804179409	146.18950253787	253.825408411022	146.18950253787	216.653472752322
ENSG00000131055.4	84.1138384772339	84.1138384772339	107.356358718223	94.9782823734372	84.1138384772339	84.1138384772339	84.1138384772339	84.1138384772339	101.230081999975	96.0007502801235	84.1138384772339	84.1138384772339	84.1138384772339	84.1138384772339	84.1138384772339	84.1138384772339	84.1138384772339	84.1138384772339	84.1138384772339	84.1138384772339	84.1138384772339	84.1138384772339	153.775379227645	95.4513394666213
ENSG00000131386.19	587.403531160258	1724.67005684346	596.196172791832	1584.5612300522	1480.59136680706	2555.44150050345	486.285661914603	877.257305845983	1633.63351383751	1342.37462151847	1746.34439603187	2002.71872379105	486.635229251286	749.702246221265	751.60113253507	952.117319760898	451.95572590436	1746.10110792773	801.695199379268	706.234091214982	635.404774593448	1142.03310998386	261.120293595761	1070.30544180086
ENSG00000131459.13	3628.38262642079	2491.47142113081	2346.50108006059	2755.18039909308	3194.41875320001	3049.58854904189	3324.91386177708	2696.35581793114	2537.43287363937	2439.48557055706	2595.06223635222	2566.75842913027	3413.77081728729	3931.55375501345	2439.74563193535	2333.87055834688	3108.38498988494	3536.76175792416	2824.28954875113	2892.51665411239	3407.62539843083	3098.06996661441	1110.86645691136	3066.00759277706
ENSG00000131471.7	546.896140110084	235.055361782558	518.540372142293	192.593415172339	267.531860112989	359.647233279552	234.899519298777	199.569771149116	378.079926281907	181.26598563676	398.471123679081	214.942180757415	160.572166912686	151.891677734424	150.846681958828	149.165804358813	182.627043584588	202.501658977356	290.659284784077	156.512922007364	155.141262193572	280.87357290405	883.243894942935	358.612432988905
ENSG00000133048.13	290.57337083078	399.014098510914	154.515652622486	396.977983633313	212.262545254054	2573.42044005164	241.19606050258	434.137165652258	304.90549453171	353.872330947464	368.295584560178	899.784392359215	423.91972410073	699.472652044534	311.52097318818	274.221820932149	160.647055457852	500.614357476796	235.646443392873	396.197176782004	331.672611598024	513.963268713815	107.263850550793	303.575950436247
ENSG00000133110.15	20955.4160917854	7348.46046476892	36932.5119688016	8449.33664950707	55911.1901261968	27375.7738473079	41313.62695263	14069.4737915382	17364.4976828666	10797.5557919304	34993.1553779579	20592.6322940282	32417.9923623578	35138.6886386699	44824.5039883937	38787.3861094197	40205.134552502	7723.65477660689	42869.0102311648	52562.4516948933	28040.5523451802	26890.3718987641	96328.9927194203	28228.5431933569
ENSG00000133392.18	646.944862199112	255.041437039011	403.685331748102	248.306908445588	288.664838278339	283.136137220879	278.702319569793	273.26795590084	564.180066059252	253.484519982225	515.092026617753	267.32252788115	312.793636868164	293.250840387571	227.319763228915	245.670538947502	236.80018162456	290.921846907086	389.09790527141	241.875320011612	276.024685892282	282.795109477701	3347.24625683268	391.670122033593
ENSG00000134853.12	8298.75905747052	8544.76739855635	6078.55334491559	6729.08854684469	10157.9806910631	17478.2485741227	8254.87633186257	9244.68532480958	9215.98063259093	8120.33641070157	8917.14478862723	12863.1989036545	6236.05540590864	8056.32209764466	6213.10815789974	6384.86959195255	7569.04608337344	12261.6940657496	7455.47769082406	9362.29985298049	5586.85338750053	9949.39319926514	4935.28825661237	6634.00345526668
ENSG00000135218.19	775.363181943643	954.317823968461	1920.32636274029	444.343186531393	309.035208300714	395.453583030401	574.880066821663	613.050950769709	2098.48796196912	669.735758987584	807.983264836838	489.264061520657	233.049414416748	197.720742007125	113.088730448937	161.908931243872	198.848266234038	757.033716367776	438.245732412835	195.583257815577	254.843844678849	420.622895967755	3250.60841477635	2136.24662339983
ENSG00000135424.16	532.446919149445	326.909211705279	1238.96893241598	350.585632109087	185.594437335962	237.885583273804	281.669550738334	278.237973362309	360.372595398247	239.636733397679	581.39400078708	246.656003864348	243.782061255356	233.746695911651	175.488014717436	212.440142598681	192.680640295895	359.783453616486	318.826371790919	177.860781438893	199.615918208126	188.195717261087	1389.619406247	390.009336716938
ENSG00000135678.12	887.021167593087	1007.22960025248	438.342025341509	678.481906042345	374.362447921873	611.68115245319	355.224752980997	377.066708265851	632.636679865077	806.732132488705	473.694525215758	682.511727301683	362.962169682847	507.729695965207	237.850509571726	466.256964084525	338.716777841636	642.314721143991	383.733907996132	440.233970125067	345.146049451244	435.115029519769	131.347288368318	339.446953314523
ENSG00000135919.13	10416.9400424729	8154.62799585628	5255.89672433239	2597.29464868612	11974.5732491769	16760.1359400808	8408.69735129338	5957.14139158265	12037.8898546622	6402.66606153699	16979.1288719649	17248.2905818548	8620.7438369827	12019.8483430851	7370.48489024025	12458.7330005874	4798.06986167638	8247.09229943898	8549.76653105674	8421.57725688465	8404.80604327743	13899.271621787	4804.32443302405	4883.16214083862
ENSG00000136040.9	230.918106016386	177.912836697112	212.681705752197	193.436977209825	206.305692211754	186.106779423467	232.911004608868	169.260602551223	249.632383235056	176.911902597	315.310728353644	245.448131365785	214.983533605147	214.449503603609	312.190791654329	284.206538974137	356.341158297297	189.82563524618	236.520264008859	218.263954777695	330.531458789867	334.749084379146	156.510111148115	184.780186785035
ENSG00000136052.9	419.998329718773	433.324009942711	422.832513896239	499.784857178419	482.218032238617	478.271101001661	534.315681254292	477.486662974547	461.453025194224	464.829931475207	400.404289124566	432.309841072341	547.392980540716	614.434704054247	484.902951028273	406.883835072084	535.650856742708	489.805405517925	472.993367906271	434.038034866489	534.253328566097	512.606570090409	314.985093170574	592.031119745375
ENSG00000136542.9	1623.22301378712	1537.53215839861	1177.46383186901	987.13261584518	1855.48019610653	1661.53640396759	1175.40282710235	995.481464884899	1705.90241145964	1444.91705109579	1774.04358537803	1778.88175863871	1258.0512997982	1533.22220528791	987.84327829544	1098.15561532854	1052.6821319754	1158.15811555286	960.357759322473	1621.91747071423	1473.42243862694	1587.14721878937	1428.27123845526	1364.53264668391
ENSG00000137558.9	151.998990380215	90.0352467841813	119.043919489307	90.0352467841813	127.415934710749	118.988348608594	145.782578119335	101.101951202739	90.0352467841813	90.0352467841813	119.205236363134	90.0352467841813	160.627960721959	202.569787616274	111.288539652944	128.408348112745	159.585650900123	90.0352467841813	158.485329895796	153.661613275711	129.469709108386	116.441972628583	132.605546143923	106.428760722199
ENSG00000137672.13	385.970656243978	116.983984998839	445.137664680937	94.7091380051353	130.164633195659	101.266496672786	134.625599445237	86.6909142653556	205.802696418928	82.7110497054901	274.750373079752	144.37195953368	123.257927190798	124.726777974624	105.652778451729	145.962499334921	106.508179720888	103.985529423191	298.33422815079	178.403593190198	177.607183927575	109.698662564461	1057.20759552007	191.275515868961
ENSG00000137745.12	75.0581330053086	56.9201922348321	64.7088338037189	63.0409900111875	78.1113991985825	62.4096654692384	71.7665729582088	64.9289087943001	59.9623916198261	64.22186339207	75.0511899260472	74.2343188746349	79.4631804500702	70.3449784849124	84.3856818954791	51.02323106293	69.6714808564261	80.8279799487723	62.1549146266796	60.096556302931	116.601684353383	60.4548461255917	51.02323106293	56.9678564184227
ENSG00000137809.17	2345.73019197954	3116.97133504551	3649.6286175608	2189.30932009524	5930.26111539574	4709.23309096915	3180.0533855163	2934.93803864805	3588.5173153156	2607.89775559241	6604.65698010517	4873.03568364995	3377.42294573739	3497.742730172	4217.94740551788	3412.44505890337	2006.61835602384	2092.89091110518	2670.59974728466	3219.28091224641	3634.41630239652	5635.72299391159	5632.31117058271	4221.47325894432
ENSG00000138061.12	4868.89533885407	6524.33477617535	1466.96715255075	1251.4926057531	4671.75962240842	9847.98641998333	2702.7323160617	2353.94524646615	3999.09639702553	2690.25210238562	6978.49967356235	7952.17153194511	2329.38477498844	4136.34418366993	2007.47225040278	3459.94689842509	1302.60796171455	4646.8129566063	3251.24338290281	5367.73746626642	3365.07088521229	4830.7407823562	2972.12935593629	961.691050900885
ENSG00000138615.6	396.441956632565	574.899044291643	414.13721221314	428.248561606344	531.767076306057	704.771717781036	472.390751818337	442.694947292978	547.520844293917	473.463223521201	463.888564823524	438.55379265888	462.17740426709	484.035233964704	482.924370128395	416.712556892498	445.035993503254	506.351383622186	448.185271396595	474.130821075518	355.042664033741	585.147438746777	439.773494303907	576.963314425066
ENSG00000139174.12	762.140755278412	773.50441882263	705.019067202944	758.907560462256	1100.63523682161	1248.2823729015	933.384015447058	799.921920867611	1128.07844685198	835.224910320833	1225.81092815772	1412.40472181372	906.346528573246	958.47207577587	886.076306215143	1095.26531327954	789.819454428439	998.335111540449	634.543947967126	762.074867330721	812.183416664597	1309.70096508069	497.618099485185	1101.59582947641
ENSG00000139329.5	12413.6936330751	14326.3597719638	12254.3844824517	11537.2022615055	32751.7661684923	35471.1717004337	18297.6471517731	18241.1243523131	21366.7271390042	24323.162848047	26053.7214752953	30559.6873959623	25203.0277612468	26509.8141303171	24192.9201914174	18314.1363689351	16516.2014768081	11466.4157070378	10845.7643222464	12700.2927003772	25850.6658883822	27367.7877094031	25695.3041321867	18727.9446938332
ENSG00000140092.14	3217.52307014977	5050.42476834251	2390.18088874493	4213.51111031464	5503.68859983641	5285.55966272996	3335.58671194767	3355.06018061323	5769.43202335346	5348.40987393763	4239.64164059713	5077.67821975789	3700.8679936499	3703.64757446802	5050.7311062949	5347.07432159109	3930.86463155564	3630.42002907501	3369.16811220074	3912.38802646191	4057.6392027498	5936.51059365751	2145.15963254677	3410.71458837535
ENSG00000140285.10	4910.87735594378	8330.92609839078	2414.08173806053	4589.95822253778	4789.54352458985	8680.5561526975	2840.55300504813	2958.4025196774	7287.43596295921	4414.61053496665	6710.01856260629	8048.77986909066	3597.4187243422	4501.59891000614	3560.47969805791	4593.63504409785	2921.91187879399	7379.14048854947	5236.63975564374	5477.03668526554	3864.42992797969	4585.89014086743	1169.71819743142	7577.95595891525
ENSG00000140937.14	11201.4252802436	8785.7394365431	7061.763662572	7448.9409801854	12092.7652254128	8686.2231592296	11062.5831050663	8321.79160352499	9391.3786900798	8635.45663239046	11270.2641405782	11832.4509042443	9860.7429199401	10663.2834552425	9296.50715791537	9655.46787441493	7848.88007354658	8162.05871246912	8462.21382041925	9988.7696038304	8548.74125127756	9577.85143491713	8489.72185164064	8924.7473749761
ENSG00000141052.17	333.051450644183	130.946327826287	561.294482562341	61.2798287271319	329.472210495148	341.592760450174	128.756214517708	59.9168476794937	171.391484365726	57.2137953420345	331.78085191336	116.228307747169	117.511242802368	142.521295981794	153.981534383859	166.214500718279	88.207770671072	59.8362836162528	243.989983744592	99.2509102206662	134.219500325394	131.391393968199	1187.51053282838	341.577223087561
ENSG00000142910.16	1699.13982017417	999.907525197443	2364.89968513833	575.427414334689	855.959252399265	605.114201898999	810.485047280082	733.643382318287	1401.06285680449	789.416720853864	1822.74205383714	973.683972496004	466.472461109537	394.423166270085	283.88343918538	194.888847271733	473.014807731886	611.554945996523	902.056521668724	494.30183473907	422.621362098393	1194.67415992019	5616.93513325644	2132.2892157763
ENSG00000143196.5	776.056707219582	1311.16062639183	500.331743619545	1069.99831794106	1437.17770115039	1727.42821908993	697.811902309767	984.64725945024	1008.9165813052	1628.14795645074	1080.78221773993	1850.10598473752	1110.50132760494	1260.82182940153	995.401785768118	577.690052736411	800.183398992036	983.28099099697	616.352048992391	766.942145216199	1513.03221702718	2519.8096715609	430.381065539944	811.245009873398
ENSG00000143248.13	442.503518834143	563.595315245449	760.871439066018	421.064971888851	509.300541909821	552.766954557751	489.228193692596	616.973558885139	544.374394369286	527.424127569327	576.577513052999	568.355583145394	515.84789270153	441.716019849686	493.935041817024	471.308811051943	503.426333759661	613.1538432041	498.132207455581	494.831263083289	576.615470189114	449.46913271837	1467.74338983158	521.797493711228
ENSG00000143341.12	1084.28243246355	2112.73645261787	574.573791129057	1698.55353866432	1944.92291334026	2336.76208064535	1529.88303395028	2063.99368867532	1728.57148362231	1825.99423235812	1759.63249331776	2428.13647524998	1381.36225792503	1579.89229168829	1613.00058038042	1158.59336961975	769.302000564709	1404.52535480354	665.902569064555	1359.67784227734	749.482431379431	2079.44536474113	1844.77395072991	2197.17047998191
ENSG00000143387.13	7257.02777252656	6826.70956339848	5379.28976650056	6119.5902586014	5354.55124502319	4503.79957717834	5337.19936316775	5946.40847635064	6926.15926022179	7666.47516326917	6188.05884088586	6324.50247051742	8214.77780004336	7002.86698359123	7792.81717169135	5962.94011624994	6796.31335472545	6160.67555428859	3112.23593104078	3437.24066867274	7550.70788691267	5994.31348898145	1848.24736193749	4494.71410644569
ENSG00000144057.15	76.5370995022877	57.7218605432825	85.4395581388359	64.1147918696658	79.5613310220664	57.7218605432825	86.2526178257855	57.7218605432825	67.7481128816038	64.7111744591347	76.6704615663425	64.9774443135455	127.37654750011	118.88342398069	100.627595299927	84.2360862870283	78.6245533219628	57.7218605432825	85.1719691648735	76.4131732687788	92.48167274797	82.3269907305022	72.7899761476753	78.5449048809643
ENSG00000144810.16	3903.52567062191	2082.51416720394	6101.03147208817	2227.45116472014	4802.09920834916	1769.71557982242	3351.49591304254	2844.58849664975	4060.75922781626	4000.69281036388	5577.52456036104	3157.91073428087	4151.61230852706	3401.51113912738	2800.41973882552	2417.2572000515	2796.38767119095	2156.58330048547	2449.93983182754	2356.8236398444	7503.83066715834	6324.43800634059	9622.53527131727	4960.97053752373
ENSG00000145423.5	2164.0413736005	3185.43483820843	670.539065838439	2011.04342849576	1595.31868068855	1467.29014497322	1104.52666918237	1510.2709236089	2881.23433644824	1497.20003532068	3404.98800608107	4490.93070407292	3768.46880712491	4239.35087039506	2820.94347835585	1897.05855349962	1371.90773919579	1653.13755222445	1894.49089539958	2750.70358869868	1430.40421498795	2909.62534027696	764.989338518305	1682.38448179914
ENSG00000145824.12	344.257945946191	718.578287590558	271.68463749729	599.726309189532	347.688147968827	594.503884834009	288.377780793025	476.968992747907	369.560804168319	420.604594096134	400.897386486627	611.127303048607	315.112755318976	317.638661434223	342.495481694363	304.52781797757	366.559410326876	673.434280172502	325.898169567026	336.715327883827	297.747023828812	346.996679235465	265.090632220686	495.466535572812
ENSG00000148671.13	2365.43585675639	979.729410672212	887.125594696408	485.377583718561	1096.84720341442	952.49332985233	1290.82430901685	731.148283008776	1650.03680710259	1214.52929433386	1232.15527248995	1441.76113089649	1821.09597905215	1952.50314451484	1275.94436630546	1375.17853443027	1708.88037500261	1217.35665317216	1287.65268870351	1235.39622438102	1417.25304403692	1299.63665808329	2250.90678937695	966.880476281813
ENSG00000148848.14	4265.15784475562	4934.31342832951	6565.15986339883	7595.88929755419	7885.85628507243	9800.21437468627	8564.92172857735	8541.46845813536	7919.68728651896	6645.79602338917	8792.61692316332	9116.46107003966	8234.430971456	9579.20313013643	7040.9330690307	6533.54207827099	6970.20501332638	8330.29095874508	6112.59044944539	6664.35691717278	6388.95099107163	8576.57808733217	5519.2512068478	9284.27937298718
ENSG00000149380.12	1035.73443755034	788.605561949422	546.489703396054	521.612720968777	724.851216211363	884.033911430323	834.897218632693	534.656106625191	663.363886784001	516.300505102	1132.26155815065	1244.28641100111	1074.08967926979	1319.03222888897	671.437840640093	923.741773153047	609.405607233919	997.005467220377	1023.84204049582	1242.39117673643	532.740017762818	695.318592225567	445.963293779697	793.023428045385
ENSG00000149564.12	169.690979848965	86.5678306517409	187.595879628319	76.4694945112793	95.8479357347303	82.5014230885522	107.361560835683	74.1810020087377	153.106361162931	77.7024788116841	172.922316016114	95.7839165379385	88.6407359633599	89.1963061890839	71.3913838244278	63.745311093006	77.0876809038118	86.4280253895501	132.857856808364	82.3864198283013	116.538726681099	87.2589569925389	1570.36489009936	159.953560837481
ENSG00000149968.12	1158.40433114446	2828.58878211915	253.478248253514	7209.60721526512	1003.12305029405	673.73033479924	3912.51402117905	5320.93803014037	455.18139720804	1643.20515503093	728.310463628273	1284.74607195984	1065.56607652097	1602.94013776126	1234.19938752178	891.993386776839	1873.16631331135	2663.27405665335	1250.63692139637	1946.29066033143	2966.26802052108	1499.4027908968	73.1535875670183	812.582371832011
ENSG00000151320.11	101.981821862413	113.244444138364	113.967626930238	94.0552105440486	91.8940776537016	107.296686075153	91.7302213367028	97.785131883026	95.2411294346094	102.158267914661	96.2302644401444	79.4215588333543	90.8358701050237	84.3452449391413	81.2519535795827	78.1698504702853	101.745469750046	92.3100633291413	95.1903099680586	107.001316412761	81.1270786958949	89.31092268398	236.597834386783	103.025256668628
ENSG00000151692.15	616.641406174344	710.346497912459	197.170703643127	290.43720073149	506.488281780875	651.856074683205	534.949494123113	492.542759869429	559.33891246342	696.219806097072	631.636568005839	877.698339396267	324.632409540514	373.26493471337	270.049773824705	251.139530224097	365.76852177833	487.735860607976	311.661466646037	474.019502581503	292.569793016915	513.203906883283	146.311329244944	489.760859183982
ENSG00000152377.14	4587.73836202783	3030.8703278076	5210.00130427165	2660.42320846071	6317.91709308461	4569.93647590908	5578.85614751985	3731.21540066418	4097.85949400639	3328.86604906689	6296.39766282697	5039.80049367286	6536.80296219383	7010.81964932346	6927.44203349936	7128.48580703946	4282.28895173686	3687.01149316215	4632.04438159316	4663.52227897439	5936.09116417365	6002.2192341696	8108.66174108187	4568.86854258421
ENSG00000152661.9	6038.28918780831	5700.59079976345	3805.16785682104	3697.04088251574	4754.7469158871	7012.69349675773	5002.94714051723	4842.1871780172	5336.27978256814	4721.67614334423	5653.32556966904	7433.89149780144	4460.63020277553	5884.89994165476	4293.38884197841	4708.13687082787	3328.26175393825	5911.53925206529	4724.67780934173	6360.91342903269	3688.20832284733	5073.17498177799	4992.30658967337	4086.89683657129
ENSG00000153902.14	82.9012275981558	86.7133467137712	110.40574209995	71.828129711764	93.2500638350633	98.4883360418037	73.5038089535183	86.3359410422602	82.4200826204378	84.6227793169957	85.0865117434252	76.305730244386	87.2093818449406	87.7953662995652	80.3065911021777	79.6788377538045	75.0860721964482	75.8791198721162	80.3014170918304	84.7565572687397	80.1696753989025	87.7426725148759	157.10688847405	93.1981090156612
ENSG00000154175.17	2619.06746434973	4109.2167032773	7548.33213258026	4837.83779653886	4203.26877504799	3984.75530154665	3207.40603139814	4760.48339140756	5315.62400266652	6797.73469213031	4405.40130218235	2916.49357213199	4651.33597148331	4024.40446494117	2874.58233679369	1512.64575813416	3616.0321404254	4217.24281479817	2236.68067884717	2017.07016220876	3091.87660628494	5181.60735088819	5504.42263105389	4703.07668829051
ENSG00000154556.18	260.26320088444	203.912024094244	557.809152231762	339.095798765307	319.923072109112	356.928375545754	209.61566955514	312.866053757098	322.477391494152	317.51892368836	414.550422565069	344.636354327114	183.467339387028	158.279810815343	217.192419072022	130.856116996238	189.224413127569	322.860623731318	148.899312306978	141.835506355109	161.067830797588	305.22294254359	1391.21322671213	350.831833949483
ENSG00000156265.15	460.190103206714	273.32915328553	1345.65716569732	333.886700208526	725.074026616535	262.4874054021	580.768438083687	330.454406273569	434.371070131613	325.186979297755	623.386411033994	282.90899170301	788.788118398478	635.754706131602	677.439969962244	578.012793688862	567.984793036424	297.093188475995	546.210537457224	453.200229250468	805.02213049511	480.317473553374	2158.4483604643	406.634565675747
ENSG00000156453.13	136.070433954621	92.3009670149684	277.391526530786	90.9979855957911	104.649562535273	88.4538706285682	132.364286333795	81.9803172087797	131.178863531848	80.7399404063367	103.586543227541	76.1968702414576	174.172092265216	142.542181154224	157.607137487275	111.402311906713	123.006956033909	73.6626143305002	116.357647210597	106.200200126867	148.826755181105	132.330984451274	989.165391194236	226.995613304561
ENSG00000157214.14	1096.77041653639	1055.38601231281	985.828550131646	1678.59333339136	1208.51976497744	1093.63876611454	1037.26537856856	707.674494652864	901.584155711609	927.06916949206	1135.33041359219	945.512937789068	1047.88992394506	1195.3021880446	931.916411083109	971.31754225338	1050.43850754636	880.7363833663	954.964811343657	919.29625060492	1723.17400863994	1197.23197914314	245.761570100863	1063.82046034409
ENSG00000157766.16	1413.20669957448	1449.3644930405	4257.25642960484	242.975636106566	500.509885243182	750.280062911584	513.634344512244	546.310766867487	1214.609010028	294.52097842263	1155.79999208476	535.299471550654	406.68091853987	193.157239518012	456.130302380451	287.637729071868	221.451265975035	426.018435305512	398.501515307425	189.205781357735	482.899117774905	165.410208804447	12884.2345133193	3029.94940438819
ENSG00000158270.12	2120.10195849718	1747.48961468417	357.547711996332	1044.8908594264	1217.75081475302	2519.32745486143	1091.32909800424	1218.24285719804	1684.31537523112	1505.9797253342	1404.36077591892	2151.00412856172	1037.46456022179	1294.8123772356	742.565026253659	867.792653769924	867.38371452853	1984.02334381819	1063.64469784295	1329.54125548149	918.44880328513	1164.13917421769	144.512914029998	1238.10462305491
ENSG00000159251.7	163.334690117521	271.511785963082	62.5057189532514	89.2868127542635	98.720528324309	167.246287169193	70.3063911239865	92.5255164488755	132.897811412284	177.422451773853	161.203243786687	156.743303618538	91.1353369315686	81.2021748549991	183.221350587859	97.6725080013967	84.0854131276073	66.7845469513794	120.546760260318	111.056681698418	98.5445602288606	116.535488102884	94.0262209175521	131.050623261561
ENSG00000162493.16	503.1635414259	378.736802946018	247.233000858642	462.964421998918	296.808279050963	521.206797856948	682.516225245356	587.600448448202	303.950583502885	376.26861045868	467.463296881458	593.383120530803	683.372610648467	1035.30040724792	277.356220683236	322.516049535105	607.597884599797	316.206700980064	356.824626256561	405.388378366254	507.668334307012	431.720689542366	127.323712576472	269.702346982612
ENSG00000162849.16	590.547327706212	472.294127657014	419.339782425016	458.405954614694	1001.19055595187	539.51829600395	692.186919170816	451.580390196426	639.10662076174	630.031222043834	627.500368157229	454.737051450181	678.505290337507	633.2100110411	662.745276582373	568.069165334964	340.524831985293	258.451001473845	327.544603805403	535.459315442802	676.244507420225	935.102964517297	156.998138163225	598.611318388026
ENSG00000163017.13	639.466114705109	187.858828227524	1205.12791297166	176.585871684734	255.776407640448	188.848349425093	263.183584291787	166.780557412273	420.199944188945	184.751819505304	566.235210521903	209.84475150913	267.436652151932	405.417753656698	187.489851021473	163.521718176739	287.608223544795	178.018077160381	399.944011466915	191.783147710137	266.521942731864	183.629477247096	1890.72821012651	336.730673209309
ENSG00000163359.15	86315.3603517346	92908.9947854348	102539.499342355	113402.414790572	112255.602126867	116610.403493082	102285.412052776	109704.97199179	109248.890089294	115446.35115058	106701.155780153	102800.359123873	115597.932194782	102184.742429332	123309.935187805	115117.708547958	96268.4100277362	103936.122424007	88394.0190165713	97343.9958398223	103072.231964363	127973.564193671	59585.818703777	139936.531634337
ENSG00000163531.15	1224.79508633412	1128.99088058507	967.824908537072	1152.99323250097	872.895189663661	1239.60570363969	904.098241069301	848.818598937261	1000.0656774265	1122.37278388224	813.407504032217	891.798094994102	876.672208188689	1057.34505012544	973.815870702984	1267.29236096844	829.450853264923	905.13162011005	1210.60377130814	1001.43858065272	669.30396542313	788.280517638128	666.570059643506	1240.68638498515
ENSG00000164128.7	77.5430553046664	51.0899135522296	67.0047815921968	51.0899135522296	62.8518289730461	51.0899135522296	56.6430748305975	51.0899135522296	60.4532565596446	60.5435753141612	79.0558266231208	60.9134022217961	57.028028184228	59.8612835645825	60.4419902323572	64.3381712084801	51.0899135522296	51.0899135522296	60.4395618989727	62.9556173387446	51.0899135522296	51.0899135522296	76.6386932848459	57.3095510408118
ENSG00000164220.7	418.158415854191	237.5810352191	809.879887183734	418.837611053115	413.878136846767	212.71088646586	907.063784497421	636.587383787906	261.043954614841	298.623188116569	574.665048140898	341.310205505057	712.356893053674	698.014881037782	508.1418769383	591.425050206555	710.294220951608	352.047224424268	490.822134241567	535.227240868222	436.202975300483	392.461980830754	765.934658965911	566.112577252181
ENSG00000164530.15	883.783047946614	2184.95404313489	671.264953034439	1390.59118155655	3827.3766758629	5535.63583007496	1703.22353076562	7488.25408072948	2632.82178844026	3147.90724516716	2602.03557416103	4435.80278600863	1693.03295388174	2064.99537205584	1645.27240842096	1048.13669892561	2371.35008960546	2015.09521890574	1661.46257270517	2418.70677894477	498.476991282397	4144.82960159285	2126.90680645555	1138.27728051839
ENSG00000164647.9	692.177124335643	1026.55950354998	852.557558550117	1499.13569800003	828.437511427838	739.785879685735	853.219621828626	883.190496321888	789.924863344923	903.154148864448	702.797842810511	791.434250140708	815.940759436358	784.281060489752	686.867222595984	641.69390156241	979.369598282325	1069.65673127398	786.28234408186	621.86009527646	1227.24369646207	897.629327734953	302.531557307606	975.536104165335
ENSG00000164694.17	1589.24457134817	1646.87488475114	559.09650879021	1148.56469683435	1763.58526809052	2837.42378085081	1251.61443893441	953.082930184993	1511.63333976544	1427.56362156148	3187.76203326786	4543.57817955876	1867.23309190479	2606.98679285249	1128.49958119903	762.43922377315	575.286466512183	694.658992152608	1408.43865457294	2357.48860938319	2417.49348270031	3014.20840076362	755.433961276022	877.981949280337
ENSG00000164932.13	4340.89884904867	4642.37519563804	3054.65791531981	3513.86636283264	6043.66040717838	4875.18056821903	5253.15680758138	4794.62583808963	4755.85998311076	5209.74226824764	4415.68290522265	4961.7193438658	5382.97041132777	5300.3790249274	4822.44816841911	4397.45771553804	4003.61100802952	4712.22378493104	4554.0013968502	5048.42136346696	4537.87034149459	5654.21347001095	1996.51589934547	5751.29765066572
ENSG00000165474.8	116.426921846092	78.8513368903939	107.55239110337	85.3002843097707	131.246904669331	86.0095891528191	373.273611651066	240.373285733349	108.041630024134	96.8071559273797	137.127988113191	116.733878940063	200.406208627157	216.78492517354	110.3416413651	121.284841516156	127.023078526832	85.9836762335529	159.2187560728	132.967595885783	327.970261055656	173.500818472836	224.861903204234	293.396198463283
ENSG00000165757.9	485.648843198016	435.297784188399	1125.98392982353	907.238832951655	1628.57839069364	662.22671177212	538.415597566148	318.817387413604	1140.04689515435	1140.87521889816	645.283365182358	569.843211098346	565.666449351479	443.866269292911	1025.55555959479	943.464633345033	810.331720931176	631.155340869219	440.233054665693	551.834773051159	792.268441050018	591.093988589039	1985.17955365839	843.133427957295
ENSG00000165959.12	198.670768512983	200.422801270583	222.519401455143	179.533788086981	154.141758500524	167.304773244236	199.71281284365	179.095842646402	174.138866057026	202.466010732676	164.815269436785	156.432889957868	258.001548047666	214.446275326105	176.693377328881	244.515267535311	197.410581625753	217.59396329307	205.766875580138	193.435136187774	168.097982982637	178.534478576571	151.88987076913	188.033978967622
ENSG00000166148.3	116.061413731892	77.6368486135185	106.656002025274	77.6368486135185	77.6368486135185	77.6368486135185	99.6834793732588	77.6368486135185	114.147794611214	88.4403298528176	117.738789251686	88.8552619187471	91.8995224702041	95.8198259401059	77.6368486135185	77.6368486135185	77.6368486135185	77.6368486135185	88.3235390179712	77.6368486135185	77.6368486135185	88.9197148574586	98.3607089795281	102.532598279758
ENSG00000166250.12	6379.95664432926	6020.77784895916	5493.39339658712	6225.11619262287	5501.36357741785	5269.15996983718	6580.72479177753	5959.31766875171	6098.86299147738	5937.73355954377	5114.03888139859	5573.83519007844	6100.35606347133	6435.30117455093	5941.70151451107	6306.32663369252	5517.07811945583	5724.42984168101	6418.57375931034	6510.0959874693	6180.88070760384	5744.75204025857	1936.6126339617	5526.21265374664
ENSG00000166923.12	13526.6980697815	7049.54260235152	14220.17328427	8243.89578717213	12976.3098227362	9160.14004729592	10021.6054369925	5144.03776040766	14491.2610508411	11055.9746097836	15046.524741034	10509.1818235107	15992.3363707595	14370.3291101152	14828.1745235749	17701.6734732878	12358.709304948	8359.6136998766	14129.8862403079	11885.0060455816	16587.9117209628	11867.7230230554	9161.97071620113	14068.0300334799
ENSG00000168542.14	131308.743431313	189097.073440909	139155.451021838	190832.65618374	263593.466473943	387232.989488656	202107.971343532	243637.007125031	209448.541141364	194142.783011691	282138.104960151	312750.519081323	184667.96581908	243066.417411579	197843.204284134	188233.792758055	128608.783877834	181573.170993981	170246.146236411	194560.264293222	190285.283889715	345909.206505287	145611.193231627	219740.425175769
ENSG00000169116.11	484.484792689054	306.735238935212	299.402685614701	319.350284192578	208.799993342853	369.215435824555	222.968133731135	212.947354011237	190.743561606199	193.432506120094	273.843540775262	299.253008068975	282.649073887481	481.064036356157	226.574277286262	221.088669733231	299.458057093755	378.683339139735	466.789035058334	422.468105308624	220.12292297558	210.103847909302	345.602897523793	238.531671317624
ENSG00000169507.9	67.6645033741294	93.4131763677757	85.9311554190423	80.3319475905224	59.8581286596521	72.1743470367316	72.7337917897873	74.0298394211319	68.1569245660429	75.0871775230555	68.3884449721957	72.5152604205976	67.4851540751289	59.8581286596521	59.8581286596521	59.8581286596521	71.501171027109	72.1607401270166	59.8581286596521	59.8581286596521	59.8581286596521	59.8581286596521	85.4351728626797	71.4591082507966
ENSG00000169851.15	1425.38589174183	575.067161588067	590.957695839693	455.551709435769	954.738133446709	339.724116224905	1695.774446786	1220.78601729854	458.498719384529	1006.45319672894	940.538870237733	819.894624781635	943.990716566114	753.906580378844	884.279756910574	888.019770233212	799.918025447054	391.533923436428	855.781829384505	749.105369938887	1293.05360712658	697.687695153078	269.459268772868	587.91541497446
ENSG00000170373.8	52.6762153982393	42.6252663286113	58.2690199924765	42.6252663286113	58.5813803501553	67.030088751673	84.2546557959321	54.0212057697761	42.6252663286113	42.6252663286113	106.0422100596	65.8289347533046	42.6252663286113	42.6252663286113	42.6252663286113	42.6252663286113	42.6252663286113	47.7878213630468	69.0477281133222	57.5387424597022	63.4953748133819	55.4536829263977	231.767460661167	83.6448424808676
ENSG00000170412.17	229.800111545648	330.411935459399	106.770445107958	179.431389833735	102.705355214222	220.747888520583	113.080360211558	136.992108967327	193.341212204096	115.199358879737	272.276710047026	280.728886237835	105.379552858531	170.621872875405	117.670671863961	239.080297811307	88.332106214162	235.164671109749	270.255089117982	335.98164129854	76.9548510974514	115.042299305284	100.316482783087	180.932841126456
ENSG00000170624.13	891.93023944909	1053.96470621019	758.948682475617	872.726521580149	1514.5092416976	763.751086811448	1085.04380130221	854.779953447356	1101.33918115135	1431.71545715939	1036.73506567047	1103.86628312975	1485.58184637798	1083.85970596401	1241.10199646456	733.429341243569	1199.3303715156	825.193029462381	664.519533567668	964.316056142202	1965.33790764419	1781.15497371451	363.050582958477	647.405269354429
ENSG00000170801.10	652.531005202174	2420.22897777736	894.853781261169	1590.22982696121	1075.51513376967	2433.31685191806	764.245092841603	1967.99413500142	1741.65736492866	1749.27867652747	1065.40521591649	1839.51617364575	870.620329839522	1019.13990062036	758.972742432016	862.969847914972	590.487655825193	1820.31997621775	598.264232793791	637.135406996143	709.660033609434	1155.01330118595	1021.46034460401	1386.99301580026
ENSG00000170961.7	4250.8595675452	3931.11113498784	5110.60947102216	5586.23397047684	4326.23765858404	2736.61818269584	7483.9136191335	6158.80974344908	5165.75192512384	5509.87554755834	3660.4614649943	3880.71193103379	6647.86861736907	6196.14139256645	5485.28589173416	4532.55728982773	7984.30530193715	5261.90272912457	5196.19965230685	4409.1737728886	7605.66535664974	4889.76965697771	2154.59184984513	4865.6656329154
ENSG00000171812.13	553.037358051791	517.455849506035	516.708826518903	484.1633308158	777.188020897176	405.229928832525	655.651697325295	506.621417882026	681.082526998388	621.56957474279	684.208090177426	703.853932200733	967.412030011343	858.389586775796	1148.71500377951	1270.62825465166	746.908226143495	523.09325182229	572.196134432285	598.292889748665	1167.81073967243	812.865714126136	275.6222764055	395.943787134059
ENSG00000171840.12	171.966972192649	219.214399642	121.853890096563	163.756835406615	170.667044288933	183.734932091187	165.78234074273	193.264559395806	224.461626837701	211.500434111124	189.170013103445	261.18232915476	150.134619018549	165.593447647854	152.340833118348	121.384725212342	133.458596170532	229.353936371156	154.723629093703	155.106861430689	148.060709723163	191.816191555648	131.920547072368	183.973533412833
ENSG00000171951.5	392.120613912287	231.914958406724	256.708411351783	377.622783119196	275.467044650121	495.220439728838	302.995171434008	217.2990496142	230.98826457324	187.10037300388	306.003377187443	251.531193352028	270.946279851958	349.748875330658	203.829882150036	275.038468588121	173.969746366951	272.614468056865	252.262073953515	242.410583287678	287.543843166236	363.138989850404	170.454453462076	242.661120477002
ENSG00000172061.8	1667.99452767796	2801.7445280975	613.639706331217	1919.83784496269	2274.38723881426	1108.80156720406	1411.65601719641	2458.2428256583	1469.89956773718	1965.43332964716	2270.08534035684	2514.46619064181	3656.86531856477	3311.64674853281	1609.85480050219	1131.07548119829	2165.91043790995	2418.33309392371	794.064588349532	986.831849470651	1312.19884218145	1866.56744207339	1339.50155178768	4996.44869847591
ENSG00000172156.3	55.3105698838737	55.3966060214467	55.2350121913584	49.6518564928599	62.4672946472888	62.6603689392668	66.7714609090432	49.6518564928599	49.6518564928599	58.4442551898143	64.503013766497	55.9527194477086	61.3119523017997	70.8062206060006	55.6577506356057	66.5114895538525	55.463391202234	49.6518564928599	68.4796034685136	92.3505514157503	79.8906001022941	78.6587699851844	49.6518564928599	60.0974222118618
ENSG00000172159.16	218.300551994029	288.001685309967	327.330040073044	282.637131760382	160.995284815451	210.232194059872	225.673066472135	364.929340777874	459.290342311205	394.600969711478	214.101395231659	282.98214076426	151.674096292483	134.548162159159	148.61982423088	137.685737996446	197.850597340224	391.32792166526	217.673203088995	197.273429597987	142.412887791511	187.693987814588	343.049335971044	243.188460707515
ENSG00000172986.12	431.795839599637	505.148330609915	370.003398899577	488.003654106613	605.580483522124	629.188494183303	473.190095267628	589.392065551503	411.674261588112	518.603012482995	547.416156649414	598.896663117	439.70578020991	465.694244182378	376.559632829345	351.969294368157	389.223450038816	505.924209073011	399.877148307744	490.893413316179	339.984922879763	561.398987578039	356.015979213377	602.195374005018
ENSG00000173068.18	1302.3545248668	1737.70011903251	1274.64316556684	1753.74713087784	1570.57947466901	1858.66595661808	1397.71321961607	1578.56132073122	1442.78499999689	1561.32459533385	1493.32778026284	1499.3547456513	1369.39445651168	1564.54242333298	1167.09522026955	1243.30705175558	1458.11167654824	1744.15823611049	1227.0928381917	1402.2548659607	1237.84355425243	1694.17349095308	634.115305828443	1491.08899754875
ENSG00000173546.7	2015.66003286982	1264.15790081338	3416.98636459267	1890.57899213074	1279.01160126102	673.960522161639	2722.14868181805	2009.86609760092	2131.87327670166	2272.85012147108	1446.77508569909	1093.7097929718	2818.63442357745	2128.43659471968	3340.42534381974	2894.5078794273	2803.61396051192	1198.8594857732	2470.20496539655	1580.10784379658	2632.66858040442	940.727200914273	7213.21261751635	3284.48009378538
ENSG00000174944.9	64.341206807063	59.2916112693635	66.1387284223085	59.0728498976162	65.1740731744601	65.3588926278936	52.8119122884209	52.8119122884209	59.5950959660021	52.8119122884209	73.2246582039735	52.8119122884209	59.048237479555	52.8119122884209	52.8119122884209	52.8119122884209	52.8119122884209	52.8119122884209	52.8119122884209	52.8119122884209	52.8119122884209	52.8119122884209	127.420052220237	80.1624647449775
ENSG00000176971.3	333.938779442155	366.628177882703	256.160842608427	288.465621388222	531.107917101362	533.33754722165	464.793732501469	408.893923719597	345.388453277729	564.733651636017	413.428661716617	486.9232843779	415.914234371954	530.581157482342	345.027848745899	324.762300758144	723.309871118654	553.183978661648	236.116551862378	405.618549710333	407.259239170505	710.811683753786	183.72884865171	292.593228987845
ENSG00000177098.8	119.045510928737	78.6503398971226	93.7347216411205	88.9826502336466	89.9194805636808	78.6503398971226	88.2706336836644	89.2012318843992	78.6503398971226	78.6503398971226	78.6503398971226	78.6503398971226	88.9418061688063	101.024879282565	89.8364534864309	89.4889508035604	94.3728791039315	78.6503398971226	78.6503398971226	90.0157152051438	94.8043461833357	78.6503398971226	97.1583176469129	89.4329856874247
ENSG00000177464.5	176.648383265757	265.211097233265	92.8468317395258	251.797507374364	145.706037458892	155.182186518148	157.024320368361	205.065247679692	119.001393098778	185.383615654039	178.853905954936	161.7289733757	157.603302415195	146.803247158897	117.524272058054	67.5099034526483	209.734529217725	180.920910732264	84.9522999197368	138.512469634225	89.6861186843379	116.640827955031	64.0283229790344	121.917200807196
ENSG00000177990.11	183.398734869122	119.323476558749	176.121966139592	124.579393533595	99.5821228727738	108.591840528314	157.47905809632	139.371332002386	131.390314064224	127.37135526782	141.07641555219	86.2241795038242	122.954946817371	107.044535681977	155.26884081014	144.28415200284	121.527312523478	106.522638122452	134.287311891723	110.306455164309	151.917870939272	103.389111050983	170.653693272963	166.183933114775
ENSG00000178031.17	2087.31168130462	2023.3674790753	1941.13132919726	1955.39989281394	2440.56517210535	2290.50562986339	2046.48543905991	1963.21728307441	2254.39526121945	2260.36697414664	1999.76217764935	1925.80617154167	2278.82066915394	2063.31454217607	1996.86316895246	1700.19948430716	2108.64692896014	1876.02589688511	2029.56570817807	2405.57916280586	1885.99345796578	2374.52393636845	899.886850707672	2387.19874905099
ENSG00000178878.12	488.726285527869	579.575194442163	640.923855629798	492.266168627857	698.790660586752	711.155524887004	503.248172272212	663.891936310636	501.989720949031	507.443821008957	550.083511382998	527.763020500098	367.82101241705	397.076744101776	346.277198851533	336.482855679823	678.861839224883	759.286159694393	404.854964578665	461.636948671722	434.492551248257	663.41644676892	1045.06552287847	434.061902775123
ENSG00000179097.5	108.782064288482	147.207750827006	137.732907395725	92.3850285354954	106.000903980086	54.365638945292	83.3850770509425	98.010173651969	118.147259872922	199.194913268531	81.492271591166	59.2527951850054	64.8736669563762	65.5661297851973	74.6704495968952	54.9571805244725	63.4503190975869	79.27285968986	73.4579889099075	94.0233220264765	112.242778415991	146.611649300849	82.0335486072028	80.094812438761
ENSG00000180616.9	69.958135268491	70.1952907729727	62.0879862272864	69.6628038061409	68.6969796480113	62.7693264875411	70.3938559513698	71.9520716540785	62.6170195453798	55.2521413926112	77.5028025427377	73.9667891627539	62.0221124510317	65.2652584787985	65.930959966203	55.2521413926112	55.2521413926112	68.8834236036746	80.2299901243769	89.8635718758975	72.8963524544925	63.0158842395272	61.9708414922693	68.095189455793
ENSG00000180785.10	101.861965366438	101.861965366438	101.861965366438	101.861965366438	101.861965366438	101.861965366438	101.861965366438	101.861965366438	116.587584136232	101.861965366438	101.861965366438	101.861965366438	101.861965366438	101.861965366438	101.861965366438	101.861965366438	101.861965366438	101.861965366438	101.861965366438	101.861965366438	101.861965366438	101.861965366438	173.760219326353	101.861965366438
ENSG00000181104.7	2710.3884327789	3518.53766467695	3825.41641688008	4162.72390093618	3644.9566588817	4562.27901150919	2944.69553628795	4490.5584324187	5626.9277578921	4307.57648044137	3949.52961402435	3984.45717457789	2423.83314813673	2790.93893806064	2642.54622486738	2668.36599712401	2449.31459506041	3572.80278628786	2315.55904727936	3093.9848640035	1716.27009820002	4503.72421409014	5306.01534060609	5247.24971937374
ENSG00000181458.10	1345.98067171321	1329.51713691694	1562.55994961625	1221.15989454055	1680.9590229346	1616.04794736173	1256.62113002382	1074.15197500396	1979.57099313407	1349.41348204178	2028.1057052895	1645.4525834947	1435.20965610651	1498.53106181091	1492.13455469686	1727.82380101641	936.994008226468	1317.38380063876	1634.4735963543	1334.98773477911	1557.27037703406	1754.30953729317	1718.11335258215	1770.91330820311
ENSG00000182963.10	1215.71746794744	1151.19939126672	2079.99023605834	1788.0569080739	1124.87520481844	897.429037463082	1369.00940851324	1407.92461139034	1323.57849120425	1336.56810165007	1016.94901553709	990.96250321525	1315.93670209393	1116.17648714783	1706.27748814126	1492.26004644913	1501.69461504898	1000.81010248775	1209.97482981528	1179.96841613496	1533.14377605631	1199.39499888894	1527.44056765998	1405.6892246331
ENSG00000184060.11	94.5060120239622	79.0916219078479	123.308786916808	75.0954534724084	94.6475033705308	85.9168877392207	82.8068657907406	90.8374734408244	98.2953107799805	96.7217884820629	108.180864981635	80.285423731921	88.2638759104808	81.7819353077124	85.4923273481466	84.8934714124878	79.2347010221462	85.8955591441511	82.7683814806443	88.3119291628685	90.0720911051644	89.1926183497424	266.847394271004	91.401278712255
ENSG00000184489.11	168.876793344758	164.39207304623	109.725819993463	107.686263167938	153.538486952446	168.414959036751	144.694739120787	102.709034085022	116.973768030034	144.6926615838	155.780001683068	141.501774405646	136.683452877004	153.230224247483	167.142171688334	153.81139578248	155.020083266915	157.94802192014	134.231007992912	169.125143824335	150.618303477372	140.269828382914	157.834063094696	116.788922658081
ENSG00000185565.12	477.201328220935	215.976014710333	151.366402527795	213.099089551508	192.576955830371	138.722947549854	287.446635299262	272.664670660016	135.096400748121	169.28967732266	150.405211981102	160.086153091983	244.796918722771	223.497880452917	124.695253790393	124.189508946559	277.652272543865	106.061995208223	155.494682382826	176.441831399212	197.68777259808	145.28844396906	62.7035111030204	97.8710310346543
ENSG00000185567.7	2124.99467676924	1152.54865698105	1446.7459926013	766.155030058352	1101.37025677387	844.112022553451	2286.36525217113	1233.95100382755	1655.44632931667	1775.64065513323	1259.27012203993	888.477975933337	2519.30057906927	2499.31656422272	1710.56024042305	1837.08551604834	1769.09658870251	898.112010310564	1638.69685638317	1814.78048528827	2440.09825786384	1502.60263625044	1166.99225529295	1124.14168895458
ENSG00000185633.10	1785.89840034445	3325.68733516574	4990.12928655755	1708.13982025783	949.331191417769	1705.74357826091	1025.62699263368	2037.92154880314	2107.86282687922	1385.49026131671	2675.33520124556	1859.89407785872	550.482184385659	767.399012166196	1683.11525679171	818.927046789666	645.147350714659	1438.96258782185	1266.30492819403	817.560990503601	709.395541989895	950.829455929968	7094.32254185701	3002.71426997407
ENSG00000186340.15	16384.5149961409	25912.9210916698	12532.1125619579	9809.95344689982	17763.6753591904	22538.5756842207	13584.4321707242	8263.46398142966	18818.4030319234	10590.2904818313	23179.3587789614	17647.7567631189	14517.2113018797	19467.8584651495	18528.7024540194	23047.9835670303	10865.6661256474	19397.4118612354	20762.8633017136	26096.5630498348	11838.3613705162	16747.3774469566	11328.9684692955	16929.9760507052
ENSG00000187513.9	112.203896739196	107.090094750984	126.08965962542	95.125699103857	95.125699103857	107.9100945508	95.125699103857	112.232047279737	95.125699103857	95.125699103857	95.125699103857	95.125699103857	95.125699103857	95.125699103857	95.125699103857	95.125699103857	95.125699103857	107.896362657881	95.125699103857	107.836034727226	95.125699103857	95.125699103857	283.572166867304	116.956986510035
ENSG00000188257.11	163.270504643852	414.617317514155	176.013887626546	387.941047635434	279.023784831869	859.946111053535	225.964940571642	460.655824469165	315.380196338727	213.270567741176	210.917115647454	344.146864077327	175.724664368547	176.329908896761	164.277077690816	163.740963915833	163.713589713933	254.592913077591	188.592622516259	172.488045414678	164.160330437344	398.446822898266	146.847957804908	202.953839989794
ENSG00000188643.11	3616.35759897312	3077.47754594121	4031.4345061165	4128.16432714955	4416.49412700616	2866.99959786703	4777.98264966733	4083.85885073033	3719.58663450619	4014.54672753908	3229.54278331595	3302.69281456867	5405.05299671078	4833.87193239178	5284.44319622941	4646.35467146309	5927.77882713951	4155.38400193957	4256.93002801921	4282.43297714011	4620.06875456832	4061.73781709728	3045.76314095191	3955.69022375299
ENSG00000196562.14	714.8231000313	615.820587268317	280.237614878703	580.951934758186	1099.84960330726	2299.92212471953	630.689735628368	671.510456987482	610.218558104832	657.733309579297	1144.5045208356	1890.62947808731	741.79433765162	731.899249049873	704.695427046274	471.114884950304	611.724712185068	371.792490097509	498.714126332167	863.719247225854	686.215927980963	1142.71720465502	286.907590241675	574.874353571136
ENSG00000196569.12	1223.26168462482	2401.7967779848	1352.77386130409	1954.86184184098	3391.53494503865	4049.23973104277	1876.4627845629	2012.15485507149	2570.04438637319	2574.65598359627	2352.79525394679	2699.83777030696	2012.99314757663	2107.20733309124	2776.37964835792	1941.13061007568	1678.74940843565	1799.34899859259	1543.18925957389	1525.13073315735	1145.47247707504	3164.89939751968	1460.93232328994	3086.06152148171
ENSG00000196611.5	1452.40271795703	1674.41077367494	4209.26764148591	3845.04864185127	1947.68590811495	933.140058335851	2040.01870866417	1592.54668063205	1199.33133665219	1321.56139334647	463.26973038971	376.203163534359	907.722020374126	938.761321061394	1669.42136334206	1536.8666552142	1567.84557220348	1380.50721441564	777.47379632152	834.79342486821	4049.06462611793	2775.2163258174	4404.87763977709	2660.21536099154
ENSG00000197461.13	709.758039824496	351.434113711019	1559.5196712699	278.588097170867	696.973416389912	599.294592577669	650.312269602336	329.186130534173	520.276496442802	340.099648253835	729.793738632338	424.378357009398	684.703346190856	667.347851625542	611.981757151975	529.967689036547	555.078337418866	424.297807625609	632.722803988954	440.477653366419	815.389158235592	475.81724842778	2607.79757651584	613.7274468479
ENSG00000197614.11	4580.29090379259	9681.80815634877	5423.40257904132	9791.30078445792	10730.4515897237	12686.8276444266	7578.80423449905	11230.4206333375	12667.9883894265	13204.1277686763	9313.66959480316	13353.6198383664	8171.0154053987	8992.37565173694	7861.52595615334	7438.05870139903	6814.85606981982	9271.53196973859	6172.3651944384	8348.28727944341	8064.00106461002	14066.2087078824	8655.32563488386	8384.70709880541
ENSG00000197635.10	1076.57818018649	1269.96529693331	576.418660315913	983.57326019993	1275.20416910533	2229.8799801728	2183.79161174794	1209.30894278503	648.141035457275	943.957382586436	833.737498327967	1351.59374633024	1282.31810907723	1998.9014924833	663.198592521464	1066.13638658923	711.4180463881	1113.73030953897	1139.38772247087	1343.55959125141	1373.30488915356	1258.46621812451	232.471990594849	780.608237292777
ENSG00000198121.13	1739.61208153206	2475.50691021183	1829.73836915263	1433.59912609515	1887.18246076496	3524.17088505959	1379.87074731661	1876.46042793663	1816.53291710748	1955.75959944608	1652.99588368789	2240.58091589932	1231.26051823103	1306.77776017299	1052.09267374136	1308.73247720942	1279.94331362934	2134.28005077868	1430.22039424722	1443.46459721355	1204.81407838172	1643.64966586503	1728.92220801899	1624.24610658414
ENSG00000198523.6	166.699362289725	109.793069184749	149.177250699501	97.6456435453219	161.290788019292	138.758466944991	120.709550341172	109.629732980083	128.317172885445	97.6456435453219	160.483554158753	97.6456435453219	114.575126174579	114.927009949929	120.659094201444	127.268626731196	97.6456435453219	116.465513651613	120.653001075519	110.549941017875	204.108426190706	143.313306884941	182.033393274009	119.800314761299
ENSG00000198542.14	4089.47273410933	1809.28909950241	4802.12874509112	1088.49189880368	7530.48378401273	3034.21512980945	4481.79112536504	2444.51898569971	4711.92991085279	3543.47944642579	6208.60951305899	4549.21678285124	7130.54962547365	6230.00087305591	6924.81765519221	5992.07012776095	4195.12273317513	2071.86443961928	4106.63548977302	3907.5340686404	5607.94527761523	5295.52095739464	10687.7809833272	4031.60770279767
ENSG00000198771.11	108.10230486666	127.425686421292	138.900268836953	151.594602243273	99.2570835698114	83.1479930382238	112.739485032035	101.946717254156	99.1554013829655	94.2801791197278	103.726339887101	94.7067312222433	101.468292382905	124.488166757188	99.136067808936	83.1479930382238	98.604089505833	118.834660431135	127.522632512783	99.3973894750045	109.557791241482	104.276428389377	204.867588133406	102.374749519879
ENSG00000203805.10	460.377607876996	252.769947570578	335.517452504495	275.851468584012	387.25559301329	239.387737719288	413.581165561096	316.736066657195	349.693566927603	344.196529432116	408.390651888139	331.971988001462	389.686906944316	373.756906091729	492.984620166288	521.237423714211	392.364572252678	244.016841024034	468.970497445948	457.713937490249	349.129639293811	380.638603649322	227.338010144567	409.603145785113
ENSG00000211448.12	383.892090993032	392.905424935828	225.75423946167	165.037764110988	422.074730819454	230.070617307202	349.875332127527	198.771880477765	284.727335400111	153.758545877823	581.423465375723	293.218840242805	258.793171549274	260.327807896419	292.513195069533	482.536432627512	220.29287148346	226.67577884013	659.668116507227	333.505589593195	435.924442724804	272.105807478296	1018.04039448081	206.038993150869
ENSG00000214357.8	384.196086218559	311.649291792349	403.444871567242	307.826344463659	271.675907444526	243.773538692213	444.80473357785	488.617388217204	464.013814010375	395.130041662725	366.566178556103	352.94272246853	324.357950331389	280.533368436854	427.093717480534	399.177726078324	419.611864844277	250.062400244894	476.573011886506	448.265944802049	270.971682458605	287.305100250323	383.670131894074	142.543705261337
ENSG00000214548.18	12306.3380824471	9189.17193309524	8796.25077026642	7527.34933294692	10451.0621382398	13591.3762513811	8916.30064231489	8908.35813245308	9321.69167572577	8831.36350097207	15450.7518334715	9420.86991436691	10439.6863358059	13030.1623677593	9553.66476952597	9224.22213646326	8394.46847972797	8129.02875500925	9269.88988503372	12519.8366461982	8411.80994578962	10177.9852505255	9535.22162167714	14194.3113997228
ENSG00000221955.10	266.784482581287	159.658484190077	179.489358054839	146.801564417464	500.656755584148	409.775369363671	226.669778863489	164.102821273854	272.260392019565	172.200638530352	472.846966424071	296.912626561113	224.421410501979	345.015765049441	205.473665071231	308.799395777468	145.909864973826	135.945480931182	299.44717697214	271.926513491687	250.150977032753	271.385716359647	302.660037052103	147.214188604676
ENSG00000225783.8	98.497243563182	78.3997873486999	91.8837460823638	92.4666730039895	118.722177240804	99.5743351464901	95.8740602893988	76.8807004975629	94.6267211493677	94.1256230204624	137.466529050238	93.9571190834326	98.8047712297387	123.106583810065	86.4918514139441	87.2702615742225	97.4232033370265	86.2245846629236	91.6179862728028	99.2414938102452	108.521559173649	97.4004799838669	82.109666638474	80.8644922272744
ENSG00000226445.2	3085.25807123179	5063.35945549684	2112.81800666152	1779.39109880609	2824.61174788893	4005.51401613478	2291.21378543941	1476.89587026577	3377.0104282661	1998.49739308328	4360.31726202185	3249.16423894488	2440.74916707101	3500.25144095979	2922.03881451933	3685.31986389018	1836.10373019021	3408.80647329449	4098.1728890671	5161.47913002262	1776.20318601741	2832.69167936153	1929.1108053772	3000.30699093359
ENSG00000253123.4	58.438687516576	51.7386288890559	67.6658266720766	58.3107464355965	51.7386288890559	62.3070260807096	60.5992090062563	51.7386288890559	58.8611449797223	51.7386288890559	73.3332638281762	51.7386288890559	51.7386288890559	51.7386288890559	51.7386288890559	51.7386288890559	51.7386288890559	51.7386288890559	51.7386288890559	58.9664969266902	58.8046837744763	51.7386288890559	83.8811075887459	61.6936361704611
ENSG00000255248.9	2589.73990682488	1890.71916292402	2604.87405475795	1834.95677716112	2946.55917198341	2703.96534518962	2374.08516360745	1993.49100027961	2504.67898917996	2061.86992032112	2773.86254589344	2133.87354642259	2515.73589084898	2537.58007160589	2428.64139518287	2252.52568200406	2058.76575377004	2310.89305987405	2449.07603672609	2652.85621979765	2639.83954023446	2523.94242392636	2490.56189557331	3031.7331336354
ENSG00000262655.4	2264.1175581577	3053.72869869908	321.04596027712	1118.47271738103	1469.27089373508	4218.62681070441	974.245509190189	811.260544560611	1130.71430443301	792.966788459937	1492.11451136882	2624.61098564396	702.821150803407	1043.36240428011	861.007302317103	884.243911211615	702.13637004183	1401.21327649584	991.014801017765	1815.31114649798	632.06929361298	1307.05237958747	194.854275763374	445.259132642252
