NAME	S1	S3	S4
ENSG00000000971.15	6670.39768933068899059	4380.81076012906214601	1223.12248655991515989
ENSG00000002933.9	731.89652299832550852	372.02742271245409711	29.38096811730420654
ENSG00000005884.18	142.08344711759991696	474.30644609965520431	3284.46076987730066321
ENSG00000006747.15	31.85136578794960727	68.01140888965420572	642.13635294687310306
ENSG00000007237.18	2511.70546538708367734	1166.04940140666053594	29.94130292993994757
ENSG00000010610.10	20.04636352888795514	44.21489218513880814	1125.89472727943939390
ENSG00000010932.17	516.74086752497191810	93.50290830655418972	9.27957667453148005
ENSG00000011422.12	3064.65807414029495703	2506.01876323488841081	784.40779905148156104
ENSG00000011465.17	145276.69832603458780795	114639.19429513592331205	3461.64557948695983214
ENSG00000013375.16	2998.76730542397490353	1685.09987233438891963	773.48953332678900097
ENSG00000017427.16	1964.02168191249484153	1282.62750823583019155	27.98835892051749852
ENSG00000018236.15	268.41749786725904414	98.19515594395323888	9.85881820454140012
ENSG00000018625.14	12.88475384068340190	7.73287391139114888	183.32655700169144097
ENSG00000038427.16	39383.92982477693294641	15444.29282888730085688	2186.14889482646049146
ENSG00000048740.18	1769.47625541680008610	1312.88197528131036051	131.02166379005802810
ENSG00000053702.15	67.14746021989773794	53.64672951410858559	619.92579149410835271
ENSG00000053747.16	53.79018142644942202	80.27907083547700040	944.72830577108106809
ENSG00000058866.15	18.43475079996089860	38.58752220807670597	566.22501392002675402
ENSG00000060718.22	2345.64914132592912210	220.04248088464311195	29.49278379893029012
ENSG00000061455.11	224.69528680258196118	115.63386856089601906	12.33750067552749741
ENSG00000064205.10	2133.35945280605938024	874.57598752027774935	39.36320263975260048
ENSG00000064309.14	548.88364919633761474	388.19249116630828667	29.34888967377749580
ENSG00000067798.16	1064.79759893064510834	498.61105343159317727	47.38237688285984461
ENSG00000069122.19	56.76869959727994797	234.65984279346696439	3255.08007606199134898
ENSG00000072952.18	691.12081125704685292	447.79291142348910171	3683.26960974389112380
ENSG00000073756.12	1413.15024012346998461	679.17349196449640658	56.65574814892231359
ENSG00000073910.21	287.43659782699540983	253.07783790946908198	1936.88447609805507454
ENSG00000074047.21	699.76750750947394408	448.58444990189593682	42.84285651211303048
ENSG00000074181.9	1031.79772210472947336	1506.73620240142054172	17764.54000792484293925
ENSG00000074410.14	1746.83755893081115573	1201.54686497156944824	58.84358167500730019
ENSG00000075223.14	3817.52664468145985666	1569.30654106477982168	227.92764088022298097
ENSG00000075884.14	21.59902483393614858	36.13956346441010226	321.62355343315391565
ENSG00000076706.17	106.09936778548802749	435.33355872471531711	17092.74693757199202082
ENSG00000077274.9	194.64212267753543983	78.43931384823540043	9.71499148426284798
ENSG00000077942.19	26373.91745186084517627	14057.14374790390320413	1810.29813648810477389
ENSG00000078018.19	61.08040845809295405	55.73003114447511308	558.44634370717244565
ENSG00000078098.14	10618.99304499948993907	2992.08849657442942771	211.17728915663508360
ENSG00000079257.8	974.20577055934597865	708.61992200633756056	113.10619059227097694
ENSG00000079931.15	1205.25339939633022368	380.43335814359778624	74.20487958815800766
ENSG00000081189.15	267.18293407330065747	507.64577570941821705	5203.02343946421024157
ENSG00000082196.20	1277.99722098226038725	258.37887548754798672	13.23568160496784785
ENSG00000082397.17	1320.07962907763976546	880.98881663091867722	42.30290087644044661
ENSG00000082684.15	12.55511698460950143	42.12786013038578403	835.44558183261801787
ENSG00000084636.18	6541.53454789120769419	3343.16236664961661518	1077.16267422010969312
ENSG00000086991.13	809.52882085257533618	168.78263548670400951	16.74160845329119951
ENSG00000087245.13	81380.07786724512698129	36052.73492380284005776	1159.58920996197116438
ENSG00000087494.15	741.32125088879263330	288.77710352615508782	41.18565980372635948
ENSG00000088280.19	1530.71807300305454191	948.64039740164116665	148.33361382314404864
ENSG00000088756.12	341.44600609158032967	150.36032147344090504	21.45307674758565497
ENSG00000088882.8	1598.04603566704986406	1151.97968099821082433	136.63229123498152262
ENSG00000088992.18	13.05955564345979525	17.80228497082919858	83.35970845058865564
ENSG00000091656.18	3121.33745145427974421	1517.52538370493880393	231.36585633705198006
ENSG00000091879.13	164.25494370075753636	111.52718595763897724	1478.10063001939056448
ENSG00000091986.15	60654.90397792756266426	31651.59722528408747166	3875.21879054692317368
ENSG00000092068.20	786.00491485345560250	386.43008942984135956	33.01033511720449098
ENSG00000095370.20	17.51641973784125383	43.61967697964169588	232.75124378978136974
ENSG00000099139.13	1112.91688863572289847	554.33629282474578304	37.46003752972420386
ENSG00000099204.20	1257.44346624514537325	769.77011450422548933	154.09710980762497456
ENSG00000099953.10	1404.91336981614381330	218.11111994194087060	238.82222163281946337
ENSG00000100196.11	3835.66512316144599026	2445.29347351791921028	448.67917217880710723
ENSG00000100311.16	13.62690169891139647	13.26545934209590349	186.28919391704005193
ENSG00000100628.11	16.58211934290439160	16.51302177591499643	136.35858077095150520
ENSG00000100767.16	646.33469966549591845	496.15386704250573757	67.66194035058849465
ENSG00000101115.13	134.60080507413351825	22.43252091144530169	8.46315722001302895
ENSG00000101280.8	11.18254077723920048	16.47014484200499496	106.08451012763387666
ENSG00000101463.6	132.55150608922258471	41.94975232544479127	16.20859828548660175
ENSG00000101605.12	37.33958305682028822	107.70080071726401627	619.39648719219394479
ENSG00000101680.15	410.99876562189399465	254.20484314309510410	26.31992938935800552
ENSG00000101825.8	10187.05885196393501246	5185.51204554756259313	1017.30472580278046735
ENSG00000101871.14	645.25836014953415543	233.32924693161086793	24.95509048549670439
ENSG00000101938.14	2373.06558753452463861	1147.40206650650088704	31.84445240808510391
ENSG00000101955.15	4406.96712806351933978	3985.81299755956115405	494.15737572902901320
ENSG00000102359.7	4453.19512141838276875	1770.01002324987121028	512.99684535275150665
ENSG00000102466.15	479.44523689062623362	133.91793410212997628	21.14143715041545590
ENSG00000102760.13	367.57955688002698480	168.44192629599592692	19.38295226413449157
ENSG00000103175.11	14.97478715445899766	30.58639433150831621	579.80220562339650314
ENSG00000103647.12	544.13686602820098415	247.49281583397296913	42.53866768505560003
ENSG00000103742.12	360.76858261052007038	220.60869813613805945	9.41607092664616019
ENSG00000103888.17	1053.75838613254427401	586.11019965349305494	164.76837998420995746
ENSG00000104213.12	3286.65231017967425942	1967.79082287895789705	82.20488270382753626
ENSG00000105664.11	2286.28329420071486311	338.85463755838014777	44.09742851836519861
ENSG00000105989.9	1877.83142855955338746	496.04872605965715593	25.43235518341180423
ENSG00000106066.15	218.66704408015101535	173.29916601737406268	10.65754576915750107
ENSG00000106366.8	28369.14883821618423099	15583.74345782180898823	5209.27555248162934731
ENSG00000106483.12	15774.60357772274801391	2402.60077115943795434	70.46169094451943238
ENSG00000106565.18	1409.82470075785386143	894.97769721000713616	163.44737643200306820
ENSG00000106809.11	1850.59626567414943565	1017.27684412757002974	56.01823473290615141
ENSG00000106976.20	833.92735327124432843	365.91421007691860723	55.11162478169653411
ENSG00000107099.15	32.93746282997959440	97.74764480613907836	248.34304423462384648
ENSG00000107317.13	831.39381555867294082	338.74426503270200328	16.25238482758409830
ENSG00000107562.16	7394.02684368545305915	6661.53089346224533074	408.93172326580281606
ENSG00000107719.9	16.52267353272920758	22.42904040507919561	140.23510856501644639
ENSG00000107796.13	6457.75325219446949632	3059.14014518006206345	67698.32517431427550036
ENSG00000108387.14	145.96908601582845222	198.45319629186801080	2029.78375446610380095
ENSG00000108821.13	423703.94560599437681958	248428.07261207135161385	41277.86918328190222383
ENSG00000108823.16	19.63032021051679266	66.35917497093899442	376.14956811489548727
ENSG00000108950.12	1376.95300703599468761	794.04027612641709766	43.99579376777055018
ENSG00000109099.15	10460.17315689455062966	5966.43502427198200166	2465.01079512613432598
ENSG00000109452.12	214.27545951896007637	371.08587932903884621	2185.46983002188062528
ENSG00000109625.19	937.12857900137760225	140.69957228692396711	28.78912165307120219
ENSG00000110427.16	740.98665463155475663	251.02316533707397639	44.03202942448780988
ENSG00000111348.9	296.32634912749506384	620.87015386660232252	2896.37348766473951400
ENSG00000111404.6	9.14542003220606858	19.76529290608729639	443.01846957373936675
ENSG00000111424.10	1029.96742446533562543	473.22967273125811971	54.43122028532190626
ENSG00000111452.13	469.97149427923955045	246.17632877525500135	31.74531584485820446
ENSG00000111962.8	548.41401995988303497	544.89508772271972248	39.12129650285199034
ENSG00000112214.10	13.17003048100559859	26.38631045621571047	484.95421694605300900
ENSG00000113083.14	16531.30279273180349264	5119.51212335472519044	245.24605508635545448
ENSG00000113361.13	40.62283555356939502	174.32808688843695677	7160.93536004294219310
ENSG00000113657.13	7666.12546248723083409	2665.29649906485019528	140.32388447067046400
ENSG00000115380.20	18647.02952817075129133	17747.45566736261025653	1073.47459987883530630
ENSG00000115525.18	887.40669702837453769	626.48846550687858326	35.61650416699690425
ENSG00000115828.17	297.30566348095794638	77.73431061844581791	22.62162795467789778
ENSG00000115884.11	1072.59095426593512457	205.73680811817715153	46.38650962626000052
ENSG00000116690.12	996.25423541361783464	197.49829212476402063	39.54967028513179628
ENSG00000116774.12	9073.20196162710635690	5901.39163598416689638	1761.46041840999441774
ENSG00000117122.13	5234.86829111724546237	1993.11056774042799589	82.09982544425871254
ENSG00000117143.13	4941.40962511606630869	2902.23395811878845052	572.75986702018121832
ENSG00000117266.15	20.58852735998679861	32.25023629486469190	247.65089848536604222
ENSG00000117479.15	812.71547720294483952	454.26359019707587095	65.27150624677250335
ENSG00000117586.11	329.50821865070616923	80.68973421816056657	21.14888359515719785
ENSG00000117643.14	433.54383981356255617	409.58207389052580538	18.66183615564419540
ENSG00000118523.6	35222.76222647426766343	19708.53818844631314278	9854.76282588582762401
ENSG00000118729.11	11.50204810829219682	26.77727759616260883	681.50500100805606962
ENSG00000118849.10	578.30256528778227221	181.81014007068094429	26.73724900952765182
ENSG00000118898.16	651.15409564777655760	523.27335304462553722	40.49909871947254203
ENSG00000119514.7	359.34344551946492174	259.62637875058402415	21.89587059350799336
ENSG00000119630.14	105.96675775739728920	318.58531121954479204	1898.66244445977486066
ENSG00000120594.17	3887.64868556127930788	1792.78951338328056408	81.61545223693337903
ENSG00000121068.14	162.00281489555499093	215.32024588425798584	1620.29935894025948073
ENSG00000121858.11	669.99143242050354274	383.17468242988292104	93.42467626253525737
ENSG00000121898.13	1430.38956206850934905	606.69521792610203192	32.98177266400730190
ENSG00000122121.11	294.17005091770749914	223.72102826496691819	12.59763728901829793
ENSG00000122367.19	13.04085889688374778	28.02599866859279842	698.51414637039442823
ENSG00000122420.10	926.77218571894263732	375.21083027759095785	25.04709758779610951
ENSG00000122707.12	3284.57188012155802426	2050.65945570820849753	680.56983511300813916
ENSG00000122861.16	3509.99744660594114976	1978.94479930314037119	487.79382372294764991
ENSG00000122870.11	6932.42318796696963545	3140.64428283209963411	534.56538238019857090
ENSG00000122877.16	553.78401034843068373	476.18257319341375933	74.69028511505048584
ENSG00000123095.6	400.47586206630393235	258.74888944700808224	50.04677227978588405
ENSG00000123342.16	2331.57602168719995461	1368.09592786446046375	525.28226703928862662
ENSG00000123500.10	990.83807069431509262	42.05247307908349796	12.74669426992259780
ENSG00000123610.5	3044.46354487771623099	1788.04176511436912733	596.11327224628325894
ENSG00000124212.6	7328.82519034084543819	2430.00388322591197721	104.80083405318535483
ENSG00000124343.13	1277.23404027635933744	466.67249820893039214	29.10909418746975064
ENSG00000124491.15	172.18947991413500631	28.20358168124000997	6.92396087887907186
ENSG00000125675.18	288.89810925154199595	157.95837004882304200	24.25182212514499724
ENSG00000125730.16	23411.39878886793667334	17566.48925021228933474	291.60096395326445418
ENSG00000125810.10	13.96575830192909606	12.02508242711399866	160.33532518962300628
ENSG00000125895.5	11.11147097940550132	10.72306898379429896	134.87894639704450128
ENSG00000127083.7	813.17223547167463948	488.98937410819991101	10.95705918769889919
ENSG00000127951.7	1482.26132164969976657	804.93267158702769848	20.02434928724839125
ENSG00000128573.25	242.66075707247148330	187.52764723197796570	13.07973148139339870
ENSG00000128606.13	1674.58295984340406903	864.75403868634225546	179.20101396812447092
ENSG00000129009.13	17759.93671422043917119	8319.43876715367878205	2000.94756649996475062
ENSG00000129038.16	2246.15668608512532956	1033.94220128015990667	256.27996527434402196
ENSG00000129048.6	940.67254359435833067	335.37702789579697082	22.64282056406759835
ENSG00000129226.14	2177.63653695629545837	654.53041351346087140	94.31859179028737117
ENSG00000129244.9	26.14589962334390094	35.82746938625550115	376.03388959206648678
ENSG00000129521.13	174.97719419219095016	92.98820154235113478	15.79125794615905320
ENSG00000129596.5	420.22509696573786186	261.63606364097398682	14.32451893269404941
ENSG00000130032.16	147.02214477430050010	85.11888623872279425	8.12878651448090039
ENSG00000130037.4	12.33283184314580261	12.40058849138849695	258.37180595710435682
ENSG00000130592.15	1910.43866481285976988	1000.78654858343077194	73.77852204091391286
ENSG00000130595.19	218.01759081138791885	169.13164080079894802	10.75529259028789930
ENSG00000130635.15	25921.10814289531117538	14669.05369951440115983	5124.98397195033612661
ENSG00000130702.15	126.43189428848248212	212.02113390790387371	1351.21299325685481563
ENSG00000130755.13	27.77937911653164349	66.92939119979658358	487.35528299758198045
ENSG00000131055.4	12.48524832636389981	31.82609681305629223	718.28523573765824040
ENSG00000131097.7	8.47935209144099744	16.69565123088799652	922.31361364468034481
ENSG00000131370.16	1914.80174324284371323	963.93733804380008223	108.95893874446252880
ENSG00000131386.19	1722.34264029781479621	605.37054098448436434	24.89063530102130173
ENSG00000131389.17	1059.97998407911018148	488.67627985398797819	46.99195016373700895
ENSG00000131459.13	5611.99620353858063027	2718.52703799127948514	193.27418009081594619
ENSG00000131471.7	65.28428457535059692	94.22581069538793486	1422.31663816319951366
ENSG00000132840.10	740.90040021549270932	491.72820048194870424	25.79838058498365427
ENSG00000133048.13	854.70963250287013580	206.70687119688702182	32.88550245544310258
ENSG00000133107.14	27.73903052635931132	39.08585583336970615	263.38677156797854195
ENSG00000133110.15	48016.22467130754375830	13152.43043280841084197	3117.10586658714964869
ENSG00000133392.18	55.60580813144304813	152.19038142012396975	4931.78539543329861772
ENSG00000134121.10	493.46100257842124392	167.21668589456993459	12.77462724075409817
ENSG00000134243.12	380.69206672093127963	1078.41983366713998294	4735.98037989908425516
ENSG00000134247.10	3324.61136147653451189	2372.68641723769860619	634.35821757706730750
ENSG00000134321.12	198.49892837882595131	82.70332575678007458	24.73228867375905082
ENSG00000134853.12	18330.84653815620913520	12826.15516306289282511	222.19098493159847862
ENSG00000135052.16	2573.24167350363404694	1944.75786415379843675	539.02880689369135325
ENSG00000135218.19	218.82805830569498085	646.08454509817624967	4017.90077955683591426
ENSG00000135318.12	5126.17803526974967099	3292.91987931924995792	535.89299528131630268
ENSG00000135424.16	71.41530360041900849	110.50660960578893821	2126.98234159124422149
ENSG00000135547.9	38.23809724005305100	21.87516727780160508	367.73112427786054468
ENSG00000135678.12	113.31626448432797361	295.43850724505017524	2290.16322715071828497
ENSG00000135749.19	499.61312558887789237	301.06716577231196652	39.26860804548709893
ENSG00000135919.13	8668.85401666552570532	4355.16404809943651344	446.14615770659963800
ENSG00000136040.9	591.80945523633897665	211.96700279818995227	13.50453648488800340
ENSG00000136052.9	905.57068403861899242	371.97235284173490300	30.31882121380189687
ENSG00000136068.14	4769.20601079249718168	2670.35661704497761093	407.27074033273288478
ENSG00000136235.16	11046.92217404680195614	6839.06005372380332119	2018.82512299584959692
ENSG00000136542.9	747.97899981910677525	190.05645093256998734	39.38919423540369280
ENSG00000137033.11	1591.62250705114456650	1068.67385969981000926	72.13104050571425319
ENSG00000137193.14	737.07476778487387037	497.08751472017985407	93.30692051179971713
ENSG00000137558.9	23.90463322403770263	25.52755009185700530	1306.35658497648751108
ENSG00000137672.13	19.12062887879010731	29.34640141535400204	984.76729801712940571
ENSG00000137745.12	61.89077136984455763	19.45074558671399956	6.95844355675404191
ENSG00000137809.17	6023.08608266494047712	2117.65575140786859265	226.17009074634253807
ENSG00000138061.12	8910.65727686162608734	2876.56054113258005600	137.48586424216995283
ENSG00000138356.14	1363.96477742969545943	747.03750773927299633	22.72709486509640087
ENSG00000138615.6	3219.80885195709925028	564.07099130768995110	11.31070114234296042
ENSG00000139174.12	1650.58984554909920917	1208.39503331334094582	48.70420780517833492
ENSG00000139329.5	67348.29383431596215814	34291.35779409386304906	1848.93069402479432028
ENSG00000140092.14	10311.26133545919219614	6065.44470455906503048	126.56599489596591468
ENSG00000140285.10	9185.96119267235553707	6190.38177908670422767	433.79926697858297757
ENSG00000140937.14	12031.47168963660078589	6216.25033371064455423	2568.83869639638851368
ENSG00000141052.17	25.19727690613289894	27.49335989139849445	774.39302516907241625
ENSG00000141524.15	24.05321259664364675	38.09947768914019406	166.15176723167206774
ENSG00000142910.16	78.28523743978855975	464.14240652591172420	5920.57703657481397386
ENSG00000143196.5	8095.07190499717216881	5083.98113280451252649	55.27148115809765727
ENSG00000143248.13	73.59926366221910143	196.66186174073703796	11986.12532083252153825
ENSG00000143320.9	4264.28112589284410205	2689.80976877596913255	222.64876389130708390
ENSG00000143341.12	3763.28546239779234384	1177.51567791880984259	80.83807242582622621
ENSG00000143382.14	833.79207599029246012	545.22354493532418473	56.87863768518944596
ENSG00000143387.13	24244.76340530399829731	11229.75606444520235527	1526.30948659872115059
ENSG00000143786.8	387.17166947006592181	185.45360901340396254	24.11770958261099196
ENSG00000144649.9	190.37803750964349092	76.59447075910190961	10.74560924742730172
ENSG00000144810.16	7789.22165089218469802	1853.78998164243921565	159.45421393791406217
ENSG00000144857.14	2328.27241559585036157	1919.74757116941850654	227.38076030163497876
ENSG00000145147.20	5606.73626288656305405	4894.63494332141635823	769.84350156519508346
ENSG00000145423.5	15419.84727110174389964	3441.62829579098934119	86.55609913224603247
ENSG00000145536.15	221.48769432712805383	31.59170885872820023	12.52322624058499834
ENSG00000145685.14	2929.26379201309600830	1648.86138806790791023	361.32914323868442352
ENSG00000145824.12	1312.40507190401467597	809.18303903919206732	101.28467704292080498
ENSG00000145936.9	52.57065698587845048	102.17267069034292604	680.63816489878286120
ENSG00000146374.14	261.11983187196204881	105.07925783401091735	14.19642718406959858
ENSG00000146674.15	7428.60961269644758431	4856.07842881684700842	760.48461142610949537
ENSG00000147257.14	1997.27445842172005541	1388.68327550366984724	80.80562251364217730
ENSG00000148344.11	3795.74216967183747329	1775.63699935844078936	75.27156203872337414
ENSG00000148671.13	614.93228894613457669	1374.98537978031913553	6232.17328744534370344
ENSG00000148700.14	7129.07592780311097158	7206.96221117434470216	1076.67225631014935061
ENSG00000148848.14	8152.91367796609938523	3453.78793355994957892	1048.50688729822945788
ENSG00000148926.10	2982.36964544698275859	1529.16047800167120840	163.17408952834500724
ENSG00000149380.12	796.00258378430680750	181.94151825141099721	47.40062730110579281
ENSG00000149451.17	2284.68678558832107228	1475.37630665391907314	176.86526784736042828
ENSG00000149564.12	18.09178507424779525	35.03690444241890134	1057.32203771906551992
ENSG00000149596.6	25.73687175605950728	30.62211040477900781	406.73120733966976559
ENSG00000149968.12	893.66416287556046427	86.36370447612313228	55.60455996675399604
ENSG00000150551.10	25.74822990740170425	34.99309741257990680	397.44879301413959638
ENSG00000151320.11	17.08538087809679951	17.26127414798320103	453.26509439562198622
ENSG00000151692.15	858.04064254501975029	258.15084792521088275	31.73204794880870239
ENSG00000151892.14	999.80896753604883997	799.51574599731588933	32.90532579393705248
ENSG00000152377.14	8054.14504236954235239	1363.59455832013941290	84.59093994459709620
ENSG00000152580.8	757.69694658677963162	572.29864437324249593	42.64493412603465572
ENSG00000152661.9	6319.91867865608583088	4186.49388059427928965	184.47839702286151464
ENSG00000153071.15	8285.14871634930022992	6336.70315680938347214	1709.50869158218483790
ENSG00000153246.13	1097.44880905762465773	590.76497078540751318	178.51899878599806470
ENSG00000153446.15	151.23214253817195640	92.75172250302595955	7.67960228560452141
ENSG00000153707.17	633.54360253649224433	298.55825437613214035	23.55152339078944124
ENSG00000153823.18	892.49365595487597602	779.88550258269685855	32.88994736152208276
ENSG00000153902.14	34.30299016377514931	64.58838350764790448	452.29954862978655683
ENSG00000153993.13	275.13761802857959538	146.15767074385288993	13.13357936674479909
ENSG00000154122.14	4164.09580539965463686	2376.83939070151836859	690.75585712765405333
ENSG00000154175.17	11785.56127758320326393	4089.58122300722880027	329.09641081251191963
ENSG00000154258.17	1267.49403147825432825	709.91640999126752831	22.09446976768224147
ENSG00000154262.13	2303.74600290604303154	2100.21538817350938189	36.60224703442840166
ENSG00000154263.17	734.50686968923082532	439.65680367612912960	10.53365818151374889
ENSG00000154556.18	126.03788246445496668	234.46429945096517145	2177.31151673202020902
ENSG00000154678.17	46.32332467212338400	97.94386066654583090	684.53541961621931478
ENSG00000154721.15	590.58901776450602483	288.20458565367312076	15.83958779065194911
ENSG00000155962.13	341.15750444750062798	298.57064097998306806	16.00021080720955169
ENSG00000156265.15	218.63638971454702187	213.02751600651004082	3156.61510611921858072
ENSG00000156453.13	27.45344740451799836	35.31917219812028463	770.63491071936778098
ENSG00000157103.12	16.95948597472790453	21.59900241535050114	170.61503434825056047
ENSG00000157214.14	1658.67176978611496452	754.02377964347078887	56.33381970708818898
ENSG00000157613.10	1855.51046814950086628	759.07555640339330694	76.12261301120798862
ENSG00000157766.16	41.96301968398659454	42.02518499063169344	3119.07730278180497407
ENSG00000158270.12	2510.61988307836418244	1537.97086189567107795	35.48841143798014741
ENSG00000159251.7	25.86489072433061409	64.80599323728417005	612.72717984482778775
ENSG00000159674.12	3780.27780941063110731	1525.97639881987947774	275.93752390337056113
ENSG00000162267.12	15.53778802601060072	18.66420124009070491	153.80356891314352197
ENSG00000162493.16	1123.79623089901497224	343.51337484384600884	18.79856401521769982
ENSG00000162551.14	461.11697022477886776	136.45339088950203177	29.64567928039429745
ENSG00000162804.14	2251.05774362336069316	1649.24355063990992676	215.76749409673402624
ENSG00000163017.13	26.51452370441634798	119.98465635946803332	5926.99059954926087812
ENSG00000163359.15	138681.51454544294392690	71923.49317679066734854	14263.87232527084415779
ENSG00000163520.14	17475.77214649395318702	8124.99917014756465505	2076.73329516543981299
ENSG00000163531.15	83.55968926695982191	254.22376315958607051	4733.84862243129100534
ENSG00000163827.13	181.72259392510306952	174.63828087706389169	14.14732583966239687
ENSG00000164128.7	22.18506214211554450	49.26818190789099816	454.86163403815396578
ENSG00000164220.7	352.40637191950486340	80.11076665416590004	18.32278800098099580
ENSG00000164294.14	4594.28727134290602407	3925.17974838343207011	893.77884271749985601
ENSG00000164530.15	5215.68834217086805438	1669.59872517853045792	33.36933233588514724
ENSG00000164619.10	1061.98266963930518614	358.01981266244206381	46.73180275203437617
ENSG00000164647.9	1522.74838065593894498	877.19625159196357345	24.23066899841835209
ENSG00000164694.17	3210.37593951186045160	568.78753700284107708	74.82246741174003546
ENSG00000164932.13	9051.95679753768126830	2777.42638178299830543	78.77228106772409433
ENSG00000165092.13	881.27992006221666088	613.31341907069395347	13.93606376022190041
ENSG00000165124.18	4759.73565330974724930	3365.60691051635649274	427.84873955886507702
ENSG00000165197.5	443.94421008946505935	591.12109858284964048	8.53786010033438458
ENSG00000165474.8	250.25840627399463756	48.44062264433311071	18.22173422503199802
ENSG00000165757.9	758.21065928013729263	262.98622984862180374	38.33637236381584756
ENSG00000165959.12	84.95115616745778198	331.23361402525915764	1307.17931788750001942
ENSG00000166033.13	19034.42001638795045437	9971.60269327172318299	2751.88253919036469597
ENSG00000166147.13	37428.50109180196159286	16726.90458424200187437	5784.07012046845011355
ENSG00000166148.3	15.45643726054335332	62.54802035195883292	614.63074819453913733
ENSG00000166250.12	6871.30828183738231019	5235.33418939452803897	181.91662377574746756
ENSG00000166341.8	642.48665645485880304	252.46787120982190800	21.71047502252899619
ENSG00000166923.12	5416.19072690340180998	1630.65027450853972368	173.89128156755606369
ENSG00000167244.21	1893.29093711619452733	760.62692079121950428	78.34650871089141333
ENSG00000167332.8	10.80818548512999833	11.54194746415010009	235.62399595828395604
ENSG00000167641.11	31.95002637863039041	47.99914183398767875	533.63902618515544418
ENSG00000168079.17	1145.62310748897471058	351.66418271627509284	12.67722769327034982
ENSG00000168398.6	628.69695105431912907	359.90323498743481423	30.07958592940019216
ENSG00000168427.9	12.25665929761829887	15.06323856695490448	171.87027525468351996
ENSG00000169071.15	658.89345313328260545	253.47150751748085895	29.70537136549238966
ENSG00000169116.11	162.67967669480805171	347.67291426004891264	3108.08338902281957417
ENSG00000169245.6	143.03352123090147074	14.23950652548710138	7.85285589384434068
ENSG00000169507.9	10.07366878129599641	12.04989067469860053	302.74709613317980939
ENSG00000169783.12	20.05575565637154511	30.90644328270300534	177.70618039241250585
ENSG00000169851.15	1358.00410558466069233	537.48506424432275708	76.64712023377944661
ENSG00000169902.15	1617.01030258466516898	776.94792836511874157	89.67532067076319890
ENSG00000170323.8	57.50222353935309627	142.72261608300692615	809.26447695418096373
ENSG00000170373.8	41.69314739421514560	22.89770664421039825	8.31369682945087085
ENSG00000170412.17	52.00973198388183505	103.27380460507002624	724.38425334104385911
ENSG00000170624.13	2350.74168857938502697	906.45280977854667981	32.32904762036264401
ENSG00000170801.10	2429.56685558846493223	930.97446388283492524	65.07765666059208343
ENSG00000170921.15	1192.11930518355438835	544.51872221278597408	84.07726699056249231
ENSG00000170961.7	3223.75035576776508606	943.18804014739612285	90.07322160669454547
ENSG00000170962.13	1616.80743773138078723	582.84070135427464265	20.70547746319960325
ENSG00000171303.7	19.88896466859839407	19.47705374118350008	186.99058858725959453
ENSG00000171812.13	1265.81633983744518446	506.46524947118859927	37.44836733221740843
ENSG00000171840.12	389.37173926988646144	138.76571601882187679	9.15888767145649751
ENSG00000171914.16	1332.15288111231984658	1096.35536532758010253	128.74072070855697802
ENSG00000172061.8	2668.78377365271808230	194.75573839793608499	21.01110058250440460
ENSG00000172156.3	82.41797080989715596	12.71498302125550062	7.54288625982634997
ENSG00000172159.16	35.36013007152069321	60.28944498478299607	431.52635141079213099
ENSG00000172260.15	2230.21485337109606917	1590.36039337190027254	44.23840743859534541
ENSG00000172986.12	748.61578679001081582	389.48084907456598103	26.42130085919330185
ENSG00000173068.18	2998.75397921549301827	1015.53819935607998559	105.35661897614269833
ENSG00000173267.14	47.50545358836713206	73.35600635391787705	265.40919622143400147
ENSG00000173432.12	44.78559860292048711	119.17142692752896949	355.18593560760871242
ENSG00000173546.7	324.03993925012235877	547.92437147574855771	6264.38746183002149337
ENSG00000173705.9	47.05548993350184617	98.36324643482998908	564.83397093555424817
ENSG00000174059.16	636.14828508891764614	458.61833819563912584	40.23498033918395578
ENSG00000174348.13	3339.04868523353434284	1540.59452869393976471	149.26619650207396717
ENSG00000174705.13	3753.49000921025162825	3045.84117576606968214	761.14962171560478055
ENSG00000174944.9	11.56177992848719782	18.46186850465689133	200.38093531766045885
ENSG00000176692.8	65.34864776009138154	56.98112692271489976	1133.14118191520037726
ENSG00000176788.9	2611.97245318367367872	1252.73959451511996122	154.51207364992950488
ENSG00000176971.3	1798.94137462993967347	720.99056632434553649	51.09324294516125065
ENSG00000177098.8	19.27186768563404939	58.60663102697740356	381.40077183941707517
ENSG00000177363.5	390.54914704763456257	253.33752875541287608	23.13807260904250640
ENSG00000177464.5	16.78647165650599860	20.89467810510679868	647.61633849964232468
ENSG00000177990.11	18.58964709413299943	57.96350087469902945	610.54540887871576160
ENSG00000178031.17	2857.48308310966922363	588.83565606721458607	58.57969340260449798
ENSG00000178878.12	76.49072299207369952	211.68417399044091098	4030.97051561825992394
ENSG00000179097.5	14.73072100794050421	22.71393542460659987	255.87647593592106432
ENSG00000179542.16	207.94670383007903069	47.02376708465850896	12.33385007369370179
ENSG00000180447.7	2444.85793869704411918	974.17247298307847814	77.24049940382874979
ENSG00000180616.9	22.15689745666429644	30.36292165406420906	318.66610827657592608
ENSG00000180785.10	8.61255528076948984	9.81209413588024759	1117.08466154659981839
ENSG00000181104.7	3894.73789890112493595	1109.79005305169039275	366.00551397648098373
ENSG00000181458.10	1913.63802689066960738	932.27255283040597078	234.93355061675237039
ENSG00000181856.14	12.79423326104869396	20.70458501479559743	177.93667879668601017
ENSG00000182253.14	72.77787378787884620	135.46841673509200632	1186.08257277746952241
ENSG00000182326.15	48348.86294170920155011	27616.89037856382128666	6690.21962644208178972
ENSG00000182463.16	1122.25378305897538667	975.41442239344610243	124.04129364251093648
ENSG00000182667.14	1253.29577392639976097	334.63815635064759135	74.22571297303949223
ENSG00000182963.10	204.66909065923351818	210.87491410202991915	6291.81897566786028619
ENSG00000183010.16	1261.33787377318503786	593.66310961527983636	94.57314459218142133
ENSG00000183023.18	101.83624152914038063	131.71129701644602505	1415.59925214746476740
ENSG00000183160.9	2464.17025237600091714	1452.63724753257929478	193.31416913548906678
ENSG00000184060.11	14.36720521492449620	26.79829163730908803	702.47321964071534239
ENSG00000184254.17	2066.39041996236437626	993.03372202363982524	42.59360573277081130
ENSG00000184408.10	476.52237717735158640	221.08107017103711200	22.65486209941340334
ENSG00000184489.11	38.62257448802206738	100.84631673187602985	963.91315346210149073
ENSG00000185070.11	2106.72865743665033733	991.98671666699624438	69.65183819364413864
ENSG00000185339.8	877.37050233790728271	739.68704038919440791	79.36809952438974847
ENSG00000185565.12	319.15185917527480797	54.40211220382987989	12.96085951530214864
ENSG00000185567.7	3016.14039666461576417	1123.06654878288031796	40.44994683121119294
ENSG00000185633.10	71.98895183867008996	338.12905557872306872	9819.25410782762992312
ENSG00000186340.15	23967.84966092355170986	11981.45410692659424967	1121.57739000369565474
ENSG00000186847.6	36.24616667803750403	24.31820043790310848	556.81973573811364986
ENSG00000187068.3	62.09863073479835549	120.46303044095999724	481.12590092556013133
ENSG00000187098.15	1075.21960639195322074	809.35830630903546989	178.94430357084445404
ENSG00000187513.9	9.38581212207797932	19.01791652506609509	1163.97114049689480453
ENSG00000188042.8	1318.39682444564050456	412.42708029161588001	114.51308049632200436
ENSG00000188257.11	1196.04392836188753790	515.50959373078865156	27.22057065577715207
ENSG00000188643.11	6943.58817666071445274	3366.98596173479290883	288.00264169044305618
ENSG00000188706.13	2672.71971600102551747	1544.46141246055958618	229.77481406719891766
ENSG00000188783.6	4611.42484608661652601	2290.68949520159867461	737.30477196217611890
ENSG00000189058.9	11141.63062654765235493	8265.32787858383562707	548.26725581568575763
ENSG00000189320.9	563.71709454337087664	303.40114107664794574	35.60535830401818913
ENSG00000196352.15	3401.90788475129420476	1044.83819520084966825	566.75743372117676699
ENSG00000196376.11	13.43033979327309879	10.80492854960079896	55.13890736129499714
ENSG00000196549.10	2055.37067092873439833	1385.91048530047009990	67.78919381788563214
ENSG00000196557.13	27.03449136596719171	29.04768763571390267	463.77353840332267509
ENSG00000196562.14	1850.65900820304523222	936.01523439251047876	203.30184898889496026
ENSG00000196569.12	6780.80502581929795269	3875.10113742571547846	50.23309551138429185
ENSG00000196616.14	2063.72179666843931045	1356.83105534313017415	52.11118256689055528
ENSG00000197461.13	242.52911331581759669	208.93080940354201402	2646.72473194710119060
ENSG00000197614.11	18152.37585591686001862	6629.26623495349394943	130.58551762254251116
ENSG00000197635.10	2445.24609145275508126	421.89315800692895664	32.64856544925579840
ENSG00000197971.15	901.18614087514890798	586.61310864617666994	40.29382919703485300
ENSG00000198053.11	1928.21738004402914157	1357.98474988868065338	110.19020936896549756
ENSG00000198121.13	3632.91518032531075733	2264.82405567875139241	51.47451809726848637
ENSG00000198435.4	13.70521144127635083	22.17951655052590354	294.85433992158129968
ENSG00000198523.6	41.27317625314955052	36.06073850456328955	964.73794028448912741
ENSG00000198542.14	4931.26803928090703266	1231.12796737996950469	171.67495611753901130
ENSG00000198626.17	9.82318794396383943	9.26935083543994942	181.79532816893504332
ENSG00000198771.11	14.65199961858739819	27.42700439532581314	871.39597932187348306
ENSG00000198795.11	1477.18766300932929880	785.01163143478186157	155.38331918699950052
ENSG00000203805.10	349.07375915059913041	61.93091686595118972	21.73328023175348989
ENSG00000203867.8	13.77108266257649838	11.34735621860780164	85.30493086994668772
ENSG00000204882.3	14.55017350308770219	13.86178896838239716	131.82201574841801062
ENSG00000205517.12	17.99377844195750242	31.43661062501989889	289.99600740268056143
ENSG00000206384.10	329.61681247188550969	170.78496190237896712	10.75293917499960017
ENSG00000211448.12	809.39818940431268857	226.80415468630806686	19.69714132271144535
ENSG00000213160.10	55.61888125894654422	112.80061138515502250	815.67723736176264993
ENSG00000214357.8	38.39068667341324925	99.94693782414479699	1460.14433339840525150
ENSG00000214548.18	27862.55651412643419462	14959.44369217099301750	1020.11927390540085980
ENSG00000225383.8	17.16161343890199831	30.42314864381438966	138.99682650055294175
ENSG00000225746.12	584.70633383500830860	447.97433203942392765	47.37329212041073845
ENSG00000225783.8	117.33006405590421650	26.54451683973339726	12.60550641191260013
ENSG00000226445.2	4327.28383744914935960	1638.73575066164039526	234.54944401313696289
ENSG00000227051.6	2165.58631003757409417	1520.02308626726971852	39.78736784020874495
ENSG00000235750.10	119.17381231722396251	204.63546135706999962	804.94919379519001268
ENSG00000248441.7	16.28629321019030485	32.94995591282210512	239.38896351073555024
ENSG00000249669.10	414.67232758062573339	577.65212423555101395	4881.39968341154053633
ENSG00000250334.6	12.62006290851270052	14.37095611438610021	82.58850048734166194
ENSG00000250620.2	9.55134372490572048	9.89851115754498956	166.69200219005898589
ENSG00000253123.4	12.94119136307419993	24.89952497817449384	265.38699485587551408
ENSG00000255248.9	3514.02065365872067559	2472.26873699128145745	107.82804640925451167
ENSG00000259583.3	301.22752344688274206	139.64534075416500514	18.52848712546549237
ENSG00000262655.4	3235.72443514655606123	389.49178092077085012	44.14106345459374836
ENSG00000266524.3	272.68020493590859132	65.38100448534211750	16.07431087714689610
ENSG00000272573.6	15.65482155978610024	68.51817546362721600	1033.99210179701049128
ENSG00000277734.8	142.24140963440004271	84.15910666771013382	15.13976152338724290
