GeneSymbol	4033	4034	4027	4028	4112	4113	4116	4117	4214	4215	4315	4316	4340	4341	4344	4345	3532	3533	3536	3537	4299	4300	4722	4723
ENSG00000005884.18	776.549188775267	479.36029996061	1959.81711752893	683.856974548445	666.178334814316	224.902361293578	879.487559574354	394.194643623655	728.028527172011	547.069928181838	963.67207917038	362.693437033907	1244.31352918154	937.655416310262	1261.33385313784	1471.68448135075	865.371978674052	507.981766992689	1087.81148726393	711.689028528622	1425.14004360748	711.408995546729	3128.49604331264	1561.66487833849
ENSG00000006747.15	69.1465834726588	86.1195176166541	93.5816689643077	74.9622229019914	95.3603991418618	86.1131635817712	94.5246546020939	92.2237153142604	84.0424746009129	108.610749734872	79.2336651434564	114.485282912406	64.9911929634711	62.9041181553009	60.4085219850633	73.0449305631976	60.1836368506162	79.0030444058987	68.2005351153699	70.4619626918647	70.0575246200118	74.9502462199544	104.828151238053	320.146296189353
ENSG00000007237.18	641.542394008589	1582.29857291219	459.777882397318	1483.22778386597	1232.12509602684	1739.3071398852	980.296740274643	1214.84305874036	1101.80087247404	1611.01479953505	467.509358407327	858.945597989831	709.613034564758	740.008199863402	641.633196544031	615.375157797737	756.979627886376	1158.87583082459	793.800012068919	1410.80112333274	555.138701601953	1016.71410879733	306.335624613709	1645.2019696514
ENSG00000010610.10	238.182654609317	69.9056906398525	344.411459470898	69.4746540709602	91.761232991206	85.3071934957147	158.432913465169	80.1426052586003	199.352873507715	57.5696186480211	179.933930641514	77.624128377989	84.8149100673109	71.7554024042679	83.1646465388294	75.9823406507064	101.62510472666	77.0377871154037	111.953496326787	76.9390547546126	82.9738552337627	81.4005292786442	630.725663822634	124.534837044956
ENSG00000011465.17	27353.8603693605	52586.3025512586	30739.0768417798	37018.9859203006	75709.6875132041	132428.416119498	42448.4129501128	61084.7751833173	64064.1696686017	58509.2724523684	56013.2610704772	90351.3322117803	39675.0150750166	46775.1647596014	42816.3699786673	36978.2839887511	25502.5169208008	45843.0601112753	23378.2690592109	28302.3234212222	42568.9948679486	85924.1424971471	52871.7574905356	48167.8590388447
ENSG00000017427.16	555.415137407644	1410.56246319319	218.354009940786	327.829211598659	584.525239714984	5327.32098378633	320.296621755738	397.730149730063	512.083001304023	520.915075260942	1507.93075572849	4086.11675191872	296.3687217295	609.507713833075	321.522421786672	462.225950877017	269.577769448372	1559.4591718951	520.589574542775	1232.67626571762	353.243346976535	670.335667853032	227.973029924075	318.352875958847
ENSG00000038427.16	20903.6340891712	17202.9625783	19171.3647340078	18845.3279700758	33035.1889853536	30680.2610300072	23584.3320369816	20996.566500199	18157.7189884352	19221.5470052546	27176.4336683472	21766.9753632235	23414.0795654997	29780.1729728585	19605.841075941	16760.4815223855	21688.6172231038	17524.2157435376	17409.150622248	21798.6174437241	24013.2375424912	30991.5900379967	24455.1238711633	19573.4532312875
ENSG00000053702.15	124.725018537441	110.42713906031	121.083084866319	124.197729959231	122.811604404801	122.629075943305	138.626705088811	118.608266112	99.9981360501103	132.825778389983	133.295808471823	106.025031850208	116.621740162867	126.891775436178	129.046132591937	111.355478602474	128.483575196277	131.071699934087	96.6652302883534	140.175901621525	107.262757706033	119.340126166277	104.762127106302	138.134365153051
ENSG00000058866.15	144.576347461882	98.4954556733771	113.2148912214	85.8623163281539	82.1936975632591	104.178884182714	95.9935492857629	116.282541397057	80.7171689732999	97.0655823337441	86.7967668171636	91.4243491703081	85.6710861686019	104.57380318373	87.6848545634256	92.4112979366584	101.207375489551	104.09856673373	145.343792351086	136.698707490973	75.400356945177	77.5533094871685	158.722359205665	110.276161755958
ENSG00000060718.22	757.532633343119	1270.06428925195	1261.4248869649	1847.5715183428	1989.40240359121	915.839115591351	937.678309144763	1554.5026155133	745.717513001101	1090.96112610711	1280.05228935484	1475.74438445888	1137.01133054777	756.325574239301	875.257853263169	191.022296135401	1002.25525086956	2076.23153723972	430.873554220107	352.578961420502	2367.98740539681	2007.4540394193	970.021530162757	1339.02465866401
ENSG00000064205.10	328.317269974926	2267.14750445195	578.061417601962	1338.1168000168	782.193968508647	2275.54661085006	382.534085143964	2191.64900875612	2024.59460919574	2264.24897729364	954.622535367328	1672.8834898009	242.934606438835	242.561842250725	322.450000668984	225.688571905768	253.971564806622	2037.62881081033	268.936975822252	292.136196746682	336.459434740251	2168.15361979033	313.746917038995	923.432848875805
ENSG00000065534.18	2874.18860847213	1899.21104351982	5263.05809253139	2872.42251832249	2853.87609683562	1659.6873332757	2491.1946444693	2129.66389771901	2878.38016490352	2564.40880488164	3544.36033588904	2247.97139623537	3794.96219720521	2929.64703148746	4391.62278157938	3936.96236451549	2419.47929625855	1826.43920163758	2393.90088016323	2065.77992655291	4115.66044659585	2393.83619423572	6093.09523448774	3722.93142693366
ENSG00000069122.19	931.417947711773	209.12097694404	2543.99953546957	106.643905897575	312.389852685465	129.833367918708	337.003855689012	126.133682292963	921.103823935787	168.395310402716	1116.88573577811	242.301010452659	251.710243600846	231.922108652249	273.831898192498	155.799824145874	251.423952850395	102.73967172767	790.607053692784	201.955590490064	682.433516123931	355.980378319926	4153.67860808307	501.576656713092
ENSG00000074181.9	3860.82530609409	3678.57017864611	7158.2340220624	2527.36420630746	4972.31517698579	4754.45585306803	2505.85845222865	1922.78866871465	8142.91595212935	3815.60202073625	8164.78757891224	5225.14914813254	4282.78838055483	3108.53499329071	4636.03229805818	4365.09474760773	2087.27468854418	3463.81219525507	3347.51164680554	2328.20983952546	3217.99503043108	4246.13498299801	12908.2795139171	9385.96685711258
ENSG00000076706.17	1192.47278350158	1980.63860391393	1476.91554859034	958.183314838002	1103.62221222384	1654.77812865869	825.319059991743	2069.75066046154	1124.92561709803	2711.89247153116	1305.4772982593	2390.49235607879	717.602952446478	543.717969473811	837.111809082482	562.446142519934	650.038246199702	1323.78875881351	786.864171789824	653.194466361636	619.476451890628	1108.91107739385	8979.05564842333	3068.19558408714
ENSG00000077942.19	7761.20422449807	9587.16215777546	3498.68628893245	4808.55524216449	11209.8727184135	17117.3256515322	7217.64269251375	10109.4818123589	10187.1301892733	12038.6812804339	6220.65315718645	10676.3261631122	6768.96441260117	7529.21875371899	5276.44116391094	4810.40219503487	7050.16049171952	9758.22376432714	5370.19858626423	6936.85992611873	7336.50312003554	13399.2197369042	4918.90122563926	4906.55441481888
ENSG00000078098.14	4483.80983636717	4154.29902781914	3944.99883625952	3160.04059844944	5623.73491030867	5235.21580511822	4426.02726826711	3518.55692985811	4323.59917288166	3709.00889510211	5801.46873329112	5104.29360517957	4877.35203483205	5522.94695080909	4903.58958520458	4825.68416928622	3769.57606610098	4363.59502003188	3906.5069043797	4462.29652906124	5069.33316311989	6022.17133305796	4980.32813757325	4263.33573514864
ENSG00000079931.15	1054.47243357503	2482.6094952794	797.717470535433	1571.520178943	2634.19317967434	3540.42113498392	1610.3268515621	2014.21893555589	4307.29191238926	3239.90284281336	1908.03554639227	2762.25975128735	1170.96658989963	1527.19263002172	1033.58823972032	420.630005798633	548.129192053214	1824.57899714751	690.288507994023	1650.05794399575	547.205252514876	2802.82778635856	1533.67012134388	2147.25249067559
ENSG00000081189.15	848.30485518112	1299.37606861008	760.442007533332	658.711837735755	661.66276962935	1152.74118796993	467.199451469692	714.577927903386	602.038309814867	759.136095392863	774.263466551688	957.358733768067	412.436363253017	393.784171105336	327.989009085228	279.87445999063	507.766714870718	795.062748692437	540.119946689916	725.978833481148	367.876989475515	447.746604836759	1212.81737653829	1031.12608233343
ENSG00000082196.20	475.072298826498	336.990327233669	339.246540791633	234.127935812177	934.574882508551	582.849041708576	327.254289025942	400.890887366731	379.48242610967	412.204392061678	493.850173260835	466.398428070974	444.435416643891	392.372400535122	778.012315151602	633.574174157357	407.897781238265	332.233549519423	309.593523097593	308.41026522538	692.549630529157	774.741509131884	343.833432354162	532.895133017167
ENSG00000082684.15	79.1534173115097	79.3732333768038	82.4042102545148	65.2725236747841	75.479487806069	75.6277492968881	77.9143517293271	65.2725236747841	65.2725236747841	65.2725236747841	80.4875946921662	65.2725236747841	78.824061157157	65.2725236747841	65.2725236747841	86.3453985652478	65.2725236747841	65.2725236747841	65.2725236747841	65.2725236747841	79.9387132578238	75.9707798532452	136.109308869146	65.2725236747841
ENSG00000086991.13	606.271980962048	404.114751282234	671.93319245543	386.561074468161	236.657481396724	163.418580840689	339.809123894561	211.180867925284	433.024430548116	308.494524514857	527.662017658321	320.761286895793	611.272776385416	549.484112108165	456.648432006089	459.973032780301	503.343328237838	442.871431382646	396.272245220745	417.620805320606	700.716279548295	526.278235483745	157.72375625716	548.675771968848
ENSG00000087245.13	39039.2537143518	43377.2123242755	33900.7925499977	42717.8561969725	45551.1712667784	50648.73186786	43193.6778075885	43250.9343192382	41906.9440143839	42294.4535347849	50694.3428111571	58886.9740306473	41359.3557241319	47337.3128334329	42302.8091890709	39320.3002763945	35795.7520617455	49576.3090777221	38479.0616429181	45636.3844846843	42537.1856624605	51662.2275071202	15487.6148787466	36354.2042418222
ENSG00000091986.15	40630.4407546918	45985.0990924288	57674.2373488733	62692.8564084896	45191.8541557203	44077.262761704	53445.0792813589	62390.4486905505	38415.1843492594	50435.0383084267	50859.0775459265	51151.8457641971	66217.4657491501	62683.8051013716	55058.424208356	47795.1683045579	57991.2474813153	42362.7669858573	40145.9195667525	37925.2427994955	47761.4578903055	50242.8675231458	25366.8086050845	51463.4500073185
ENSG00000095370.20	70.174508958936	65.7242127354879	76.5955293183498	47.7551478601338	57.9833508316044	63.0488222507984	58.6090928330551	54.333609652956	68.4356991754616	47.7551478601338	67.2272255124142	55.0768053635333	47.7551478601338	47.7551478601338	47.7551478601338	54.5132879652822	47.7551478601338	60.7399009376752	54.7285342932267	58.07317772987	47.7551478601338	61.2043003291778	86.3496921916518	47.7551478601338
ENSG00000099139.13	593.101928166692	436.261825568387	343.548717584688	329.114881313008	466.164147403418	519.940985794668	388.96604539807	361.587886090924	486.402467102668	412.090658856658	592.831926024493	619.145801323141	401.614601294672	470.855429939579	441.629438859996	374.141039445074	426.547262178101	331.325249271371	397.062502163933	423.643018669171	388.650186557669	472.010731605186	298.256110277811	381.775351887384
ENSG00000099953.10	370.141963240863	708.130353047513	291.701612534944	195.980967531423	272.848426462429	401.466684264955	240.24455765547	241.19898596084	283.040812274324	299.789034501864	438.952118216079	551.517235485387	222.733569446574	270.782800980263	228.628950508769	243.114713750936	192.397797783387	302.033398698666	282.754426032416	481.385466299999	250.776721059283	233.198416171728	1190.21152755618	371.916803274157
ENSG00000100196.11	2105.39305734258	1988.51555636224	2570.79371564274	2120.03016386775	2997.31681819009	2592.31901972332	2618.33134756457	2215.64771760166	2890.886816723	2372.06168922688	3055.45805751624	2616.43532339121	2771.78013316603	3052.95135009389	2679.26892005595	2867.64920126427	2059.72893095074	2374.41572790457	2636.10995275524	2475.92285974684	2185.25710779324	2692.51011611703	2817.8991602208	3386.98949170509
ENSG00000100302.7	846.414019422193	575.689662725506	229.047682221699	496.146019018549	386.483003026673	461.228186365522	199.148748684849	416.162192948014	430.477971070964	550.942063652369	464.875076988645	555.854959891719	131.379708325296	165.849088608048	373.2631992359	415.230638550688	205.940820799271	235.626862368678	426.03978029554	341.526708817468	168.148180877645	351.421524528954	134.821214709279	392.126948813841
ENSG00000100311.16	44.346808027365	86.4097943812208	47.4464920504279	42.0897570083328	37.3753665926669	44.9546743396264	43.730499999652	44.3583323846871	44.7970962754751	51.2500024265149	51.5247700643766	45.1642129821772	54.2441798328629	44.3251180448846	44.7881103624266	47.9031439568178	46.3269621421117	50.0044755429757	51.087494465265	53.881383119522	42.4439272068457	45.2100925943972	62.8401620346228	86.9252979806565
ENSG00000101115.13	145.218552848459	180.031766751985	100.412774010911	100.990080756889	137.436900043189	105.904132547883	84.1564585928905	79.1575756434544	87.2587601474721	81.0660910760486	101.055140492332	108.621198063072	90.5535371841919	81.5102206438653	84.7271873113872	102.752016182993	83.6417104601902	86.7157083953928	129.978677486412	165.501248969082	136.764983179359	96.7086219765492	64.0735449808574	85.9034725701279
ENSG00000101463.6	214.985580749004	91.7146322941298	102.749917081093	65.0612533481894	158.671611101865	153.660286803422	104.185382319948	104.12000371659	84.4339408756354	72.0276404613356	154.003603160243	111.782312442374	155.693257693996	111.198650817016	152.09497362868	97.1587192578741	168.527487443354	77.6086645820308	102.49764945788	85.8827854769292	164.428955170219	126.888238344984	44.2247718030228	73.1279005449795
ENSG00000101605.12	101.024045772155	123.444692284281	89.5523203662076	81.5509311510503	131.497280915254	201.971372972737	84.2114751240197	76.4257163489209	114.96069049197	103.360048214304	133.526167772158	152.600404348358	102.320540656185	92.8191201930709	104.197491369028	94.1033721748217	74.7027098103681	93.1189216464446	99.909734901643	106.497176881649	98.1348877851671	107.278389910009	159.205643966345	104.849777902955
ENSG00000101825.8	7891.84723720695	2175.85831698669	3079.11716726014	2422.09672692318	6511.35749601753	4912.96513120796	6621.61367105044	3599.43907078085	5336.81109009926	4330.52004294398	5919.76557382808	5832.17448657518	6621.01225047365	7770.88900875504	6385.05598124921	3694.30213259575	6147.77571182294	2711.41740490147	4632.36765824596	7665.156428134	6411.19452514542	4756.3758180115	716.317826874169	5613.85629193375
ENSG00000101938.14	260.488220427806	555.010509660184	245.306242264322	602.732266730337	217.864634697679	385.169999577959	295.844398779242	471.397902171913	449.732522065531	517.629511328672	379.476450778319	542.984845184255	313.447019039666	357.567748483749	316.446089217811	327.300859383409	332.694421914957	496.972940193622	237.019886007912	264.943752022189	222.440044267085	375.038085107011	165.399678825275	294.150181066792
ENSG00000102466.15	418.236495362691	213.691108181671	568.246625565807	158.847303382044	778.07486546784	385.71578256447	479.622206015834	291.173352071086	464.394881756759	367.895393278664	644.052181277145	455.877324131518	724.13087267536	667.682861526023	672.861905216043	574.569157834615	446.497143597094	245.471077290248	417.242812343996	406.637075627811	520.944592452878	555.491037850945	1103.67221180648	498.216443113992
ENSG00000103175.11	131.214314787641	58.5139424734054	222.160659663412	60.2656403929788	68.1624542290248	59.1162662466244	65.3085706069257	55.7687841717103	85.9064707969325	59.0129843709703	144.255230342083	72.0038344342566	78.7555051884951	69.4627699589201	74.7412348158201	65.9363745056432	55.9179111643144	63.3831870482262	106.041851908855	61.3358575365204	75.7612989776872	61.7965186297259	468.894781216066	80.3386819655118
ENSG00000103888.17	6257.46653424081	7300.4857183566	1698.28718130127	1293.39075157533	3094.50991961289	5623.18877084474	1848.15741831279	1310.96703653825	4532.04522391835	2246.52869110255	5276.1616771684	4819.93620907244	1664.59310677193	2813.9472296514	2847.00679239796	5300.46315212156	798.20321031867	2404.83313006845	4506.35652774834	5942.20136879968	2019.05483502032	1785.09467588778	1238.84962243977	2005.14685742662
ENSG00000104213.12	746.012776140763	534.279535828634	739.367408402344	419.957385990345	688.069364605626	1002.18575796958	694.264519578791	525.8907302974	395.317738312779	424.243969133684	978.686345872429	897.990511274567	714.589642632243	1132.98207533919	463.048817550055	732.232627637031	643.279640825787	774.623159695077	1138.21878044289	960.025076079981	441.145152641569	470.281223132485	675.684718705415	540.72346063832
ENSG00000105664.11	2909.77650492177	7988.91396308421	193.112554572348	1655.7416416501	1763.38276864892	4466.35268954474	673.994006301813	1624.1395444541	4509.62075547065	4419.1402955552	1972.92609702547	4117.99050198547	794.44668058541	761.499953056224	2924.52502282885	998.521130596586	478.726512276767	2982.71747263482	1003.83022856929	2642.07719119321	567.534009225724	1332.26739407015	391.079781309072	2046.89781370891
ENSG00000105989.9	379.671674863205	885.218236497347	294.806844666916	921.008195090651	881.766272940904	1574.26855064273	483.829611039321	848.459812320777	1025.22046965657	653.294875730852	595.857080002461	857.70066309803	495.943509572024	713.540450654615	263.040048997695	317.060835750943	354.563926358292	1208.00297088089	362.11309484083	530.536987105525	266.298172175488	631.330196893504	245.635548583449	730.828873287876
ENSG00000106483.12	4638.34948855199	19841.9770401325	1570.02125072107	11784.245120842	4994.83906391207	30491.068342729	3543.31728631715	8350.91435054633	7506.85509676449	5355.2552290006	6662.47193157004	16547.6373599198	2718.31746466871	8146.40169732971	966.96786269226	979.830626824474	1817.29243768791	17177.9111410809	2523.98534759478	2683.40303752675	1671.06529815585	5340.88123225941	524.427126313384	4072.22956831385
ENSG00000106809.11	602.755985684757	473.54431222753	234.227853864605	353.52794557582	692.814432687987	1755.72316433049	388.801920101552	569.343125507949	265.045911650607	465.05090133528	412.479852203877	908.486232494706	332.689039953678	376.810666844631	390.882519858884	305.419881083784	298.97409332098	307.163384200602	252.680816265983	274.394425933545	386.417273830687	515.047358280355	213.86865307037	429.349798860977
ENSG00000107562.16	5468.15326652792	5414.96224072931	9230.45892440331	3344.81061538455	3031.4251108197	4742.79410039342	4294.13880300201	6934.00685990551	4564.57521410324	6577.07408432847	3987.96324291033	2552.99301235014	2687.5537771885	1651.14482370641	3866.10086037305	1903.66267011593	4329.1179763104	4635.9097639329	2630.04993488767	2921.58267748065	3097.53386762532	2867.77778941959	17969.9987972677	5701.44941173881
ENSG00000107796.13	12475.3083885793	2332.23516424114	27790.6252271099	3201.69535517162	10665.9455461466	3012.84092903891	6516.6610687068	3631.46611763899	9348.480794765	4666.18169824469	16150.8622748433	3648.16554816166	10901.1706867316	6973.60927235902	7601.18046323621	6646.41305413039	6446.13810729689	2458.12682508251	9615.35529118813	3865.99673010949	12923.195731264	7228.24100187592	62429.5896784976	12973.7061626812
ENSG00000108387.14	150.017556988217	190.449863718902	145.711146662542	173.769514983458	135.352649886667	161.809803052163	155.034515252192	153.646585852477	180.412179423903	223.715211819098	186.022609268338	184.636088064672	161.924111254645	142.22077942285	170.768989332555	139.048314248845	138.991838832635	185.264368933701	135.122884209518	175.275533648283	139.915032092351	174.912096903749	198.142641351862	168.113842289631
ENSG00000108821.13	306702.355656303	388893.715386699	372910.222287153	383394.997882131	559617.907234378	584182.63283314	427660.285208781	420654.563319001	443787.9245513	390005.461101444	608232.639614586	508598.799715671	465344.19526991	492589.999115792	504581.489447451	520057.385473371	312060.903867193	341477.687012495	422983.768881928	426413.607569646	431547.962189864	631739.813167731	463492.147775936	548874.307950199
ENSG00000108823.16	107.129364737227	76.6260052921132	134.747089525773	69.9819335375576	68.0615098571443	141.084514533797	74.3085569462445	95.0104711474915	78.1825558338835	68.1328205005294	122.088211692019	76.0563684281553	60.2675734167878	66.5738742521694	59.4074086175093	67.2248598233771	65.7620472040612	84.5776880947983	54.2981192878282	48.0122699507584	66.2776399510375	67.5285891788354	134.733657683645	93.6148471271215
ENSG00000109452.12	518.83894818699	568.620927459951	578.528645112445	617.870948229145	541.143929628489	463.308429005018	349.18151777429	371.46485162954	507.180847407159	390.79836315576	532.692889318945	448.083254810824	401.610110395187	398.352815873675	347.733669634026	557.930163696114	353.681486775103	607.177412844586	519.329982842359	363.116921901344	627.03477190434	524.711299390514	231.573913451272	640.980687937517
ENSG00000109625.19	300.445373341941	433.800880082633	177.865207886575	275.035242520193	255.810247966514	955.810506619286	188.720839558774	280.280422137242	372.259750260487	263.418776136797	349.506961281534	463.783284504249	227.651860824875	433.112776878685	143.814502533469	231.643491890425	198.966781615107	371.579603713385	315.681031854871	318.061304010378	158.534342555153	295.591881611246	265.57708756618	244.255865720816
ENSG00000111424.10	656.170382141206	981.96841519993	919.018031618333	1343.14816785348	734.886507627727	675.88591541185	490.851793644985	558.485981123991	845.070534714088	748.675147272628	731.860333732112	637.107417931948	581.573767251011	637.192166910553	651.613754997295	638.319847060132	698.227786435033	1161.93767884484	509.382742081126	684.618401651711	740.827607721571	1069.53469200594	506.158480463228	781.16807797807
ENSG00000113083.14	11213.2319934683	18643.5628041856	15563.3497597872	19077.1408098961	21711.4484360637	19758.8761823211	18221.0927460327	22064.2972110211	18759.1595781425	21103.8722109146	18973.63913331	20005.4710524045	18450.2446246263	19282.1336901837	18294.6124886102	19690.8323495039	16682.1972644038	14924.7038801808	19578.1475836095	18329.7044690503	17274.0836118456	23672.6853672498	17581.7410099712	20653.8979483882
ENSG00000113361.13	2859.97026344109	386.114787815944	2912.92263204296	156.246040591045	527.099281699961	123.447634095633	1306.28362932069	203.394872490753	384.419700740994	168.655446475647	1802.69455445549	277.03219354771	1292.16227698517	1165.93088487359	1295.80132354076	631.276226815958	1991.07780027319	207.257073750555	1103.87014402983	938.118552084478	1073.66981178931	532.975266132948	4424.36333692039	634.138876939611
ENSG00000113657.13	5031.81426184926	1952.01078256107	2214.98615446165	1370.24393450614	4784.34588988044	4204.79059777182	4986.53076767274	3496.83679029245	3404.52664029643	3266.97603852029	4913.12495966551	5461.75098548798	5633.28281495951	6683.27184743988	3789.91412459093	4540.91158839962	4629.39495282343	2875.52047290624	3695.55907690008	4243.77598784441	5012.37415381492	4799.48768035904	2481.58509982465	1959.20527453513
ENSG00000115380.20	4174.09039951587	10933.4129219971	6520.03887680061	12459.3372102408	4565.64074707106	14058.6482502534	7824.42522195238	14735.3254375011	11187.291562619	6853.7658530816	13652.3295056741	18825.8630437053	6730.05848834102	8370.5426772287	3507.9022395208	3809.49780654077	6399.02730345941	12342.0059585078	4051.37654047703	5689.78678264434	3993.390173771	13861.989009569	5161.65109387324	12678.8736403791
ENSG00000115884.11	1556.18692891461	1832.49639570153	909.602020274927	2297.03522897166	1058.33966659786	690.529057693855	1830.75551994068	2411.87115422715	906.886870704731	1634.5792616054	834.7914010898	1176.94702084311	1767.78206019629	1605.18746541595	1511.66977637199	1270.58147636003	2649.40131438872	1803.95050171711	1275.51904103207	1446.04982470322	1323.59814291447	1122.43949710653	212.749624042068	808.82608179743
ENSG00000116690.12	458.617850788275	1275.35396623201	348.366503167065	1141.37137372525	544.14450687547	2713.6083347848	422.347523476086	924.209917366745	1035.02375523873	1029.94292916084	816.248022798608	2066.20688143874	748.955348820317	907.843246174592	743.787412110823	969.725732327075	510.042433525334	4538.86038739395	370.878560405818	515.574578039342	144.379214964342	999.172107919574	131.257885909252	1200.13152834704
ENSG00000117122.13	2876.71990633813	2026.72890906231	2221.02554505622	1638.99489408313	2284.92403410557	1847.74809632776	1641.00994348936	1525.1089668669	2583.04261536912	2492.16648348641	3100.0654136056	2595.65114976057	3268.263506211	3106.45146122223	2122.37259053614	1798.29569355372	2127.22637494204	2150.51731429321	715.041825113762	1032.58846849017	3570.57129706688	3858.16058923709	2768.33977102142	2134.82612132887
ENSG00000118729.11	86.8706084612235	62.2827262454122	100.795924987807	62.2827262454122	72.0058326889885	62.2827262454122	82.3383851371486	62.2827262454122	76.3686130767825	62.2827262454122	80.4600669396681	62.2827262454122	62.2827262454122	62.2827262454122	62.2827262454122	62.2827262454122	71.6170307081436	62.2827262454122	71.9313271139207	62.2827262454122	71.8681501176245	72.4737810568385	108.558024010547	75.8275360087467
ENSG00000120594.17	1401.06388075678	420.69242714623	495.548198273105	270.475922136718	1317.32107399227	639.473586378214	1060.30265318552	333.074034127565	575.184428899007	381.190633691733	1676.23635807833	1130.73797271454	1800.21438356103	2155.54812633892	1720.19081829486	1050.866437623	1081.89150429985	427.782496432439	1030.68971361111	1266.44562405778	1261.60494209261	1267.08295908832	497.341797057288	353.135853402136
ENSG00000122367.19	84.1866881005862	77.4128696348693	76.7770375309404	67.5075922008756	82.652886824127	81.0685936700672	78.496756821754	77.1096996437868	80.5240732458589	71.5290661147896	71.8124914936481	87.7629018335461	78.4165090041699	78.9019873370235	73.9376287135311	77.7138377323192	73.3416489839768	76.7148801766809	82.4335112235781	86.641543641728	78.286772029824	81.954318034002	252.324218900531	84.9170423655298
ENSG00000122420.10	515.300841876981	615.282081744765	349.653205337508	735.570471787258	660.770943571353	576.636372701123	509.673742076268	645.76522730039	512.731525855094	624.27946668229	502.594243304352	569.975033835546	721.568148188835	910.461792600335	516.817231224084	390.287197910799	567.189257141976	673.44775476837	384.022927521442	497.417174360586	559.763879344127	936.142186254496	436.651365604674	487.837624183699
ENSG00000122870.11	3709.24303339109	5408.71848955025	2890.21882567483	3997.84401516773	4229.3218139897	5435.98109105307	2987.91843568352	3329.64381320088	4356.89136159815	3851.12145522547	4231.18711542849	4776.32680320651	3040.6761361586	3645.09686524542	3437.91475200973	3869.3767041735	2910.26379095394	4766.66777598385	3278.93293770385	3788.35655951713	3036.71162422708	4334.16814614152	2011.9529217952	3582.84186058585
ENSG00000123500.10	407.288071158354	180.374867621962	316.352823230099	310.666787560677	433.86451983157	169.140630795443	211.544227206877	251.018942372323	396.014512363012	358.837276747447	697.156761724606	421.856982816545	557.832987014768	205.52903407679	326.198904671352	210.047566238119	371.086240794364	257.759137436054	252.080727074561	155.777513127688	1207.05954227488	531.910136898739	103.800865398051	203.91345160888
ENSG00000124212.6	10162.4497805397	8526.95060780489	1672.33387901602	3936.64774431076	7839.05579551891	14210.114316426	5094.64912202097	6151.73017369626	7084.80987278004	5752.63071992349	7865.78359306367	9229.44997928919	3180.51410979277	7435.22389126447	3694.78521585511	4155.78401945539	3853.47599773187	6439.1537200441	5104.38793246062	6436.08381291995	2459.80904791892	8433.85085377742	4886.66006192605	1834.59843481658
ENSG00000124343.13	557.836251324001	1632.79001521377	377.727913488575	906.350006607561	920.48864819781	1251.70650584174	848.157953181532	1156.71709493145	1014.95706246393	1330.72096912025	687.882637042454	1242.99290352895	531.460571264342	681.118094294189	598.285596040716	580.383575838973	388.365387340348	1262.83321986301	595.732260903217	984.80332777567	496.004781011055	1038.31941227002	497.843398949834	1089.49593651572
ENSG00000125730.16	2498.28379885564	3900.50886078084	1167.60880732311	4430.27723535447	2856.83206670435	18622.6507313813	4851.53595508883	3002.40678959372	2522.50688646463	2097.3829496471	2285.84673061684	6583.93420475544	4383.94576452611	14187.797890362	959.100745773761	932.59322385891	1550.25030001525	4288.37969657568	2552.32342471638	6189.94345289881	3110.85001214033	6013.96992677235	955.200930123751	1299.43823950306
ENSG00000125895.5	56.4360297506276	35.4053718420409	42.775054219691	35.4053718420409	43.4178735409885	50.6044911238085	35.4053718420409	40.5497192056517	43.3666384531979	40.9196369725998	41.0209404827979	45.8929801229261	35.4053718420409	44.7300979202161	47.1371690124669	53.6413320055613	40.6820019443843	47.399918675025	47.1339552200395	45.5392982091735	35.4053718420409	43.8145814420727	44.4611557978528	44.9926263681425
ENSG00000127083.7	198.819330518762	228.884413427852	154.884217464541	192.896581393048	216.657581353974	270.47337062243	171.638994080352	311.298609062887	243.992391672065	322.459090870115	174.909917062121	280.90848355372	192.73978500271	181.345391187208	174.346491102599	154.884217464541	182.161636115596	242.251355797088	154.884217464541	183.55578585267	154.884217464541	274.965992636578	154.884217464541	233.205724680694
ENSG00000129244.9	64.1615272737319	75.408758632695	63.9608426345114	66.3196804696785	72.6908247176293	68.1917849682323	72.55841760639	64.1856701706633	76.7676990652312	65.2584190964727	73.2348026865368	86.339998666244	72.4738060225244	66.6064101052999	70.2205521994317	61.6503451482983	71.6941563150583	85.1677919217601	67.7661235166991	68.0777547348533	72.3370399114288	76.215420630658	74.1222032181426	79.3664054685135
ENSG00000131055.4	66.0489833540171	66.0489833540171	86.6481131914501	75.6073777029636	66.0489833540171	66.0489833540171	66.0489833540171	66.0489833540171	81.164704597825	76.5135202964908	66.0489833540171	66.0489833540171	66.0489833540171	66.0489833540171	66.0489833540171	66.0489833540171	66.0489833540171	66.0489833540171	66.0489833540171	66.0489833540171	66.0489833540171	66.0489833540171	129.23871470711	76.0264796515393
ENSG00000131386.19	599.942194257241	1793.34728162795	609.073122514788	1645.33734270385	1535.64412153408	2674.64677066633	495.106657715742	901.984471989113	1697.15310175144	1390.01892003968	1816.26220155176	2087.65512720463	495.468491917867	768.820806416711	770.800569846975	980.289720489861	459.59362018999	1816.00496191268	823.057691929828	723.524510637692	649.817073227538	1179.38976017936	263.119612245593	1104.12314969456
ENSG00000131459.13	3738.25481365571	2536.13173889098	2383.97134050541	2813.63884908267	3277.72166562367	3124.45818654157	3416.00681780089	2751.65943898701	2584.43290190924	2481.53398647899	2645.03557505261	2615.26601235295	3510.26836053748	4061.05271688485	2481.80702173288	2370.72840912926	3186.65071040703	3640.86962773552	2886.50861906195	2958.50452023829	3503.74659709486	3175.73713967445	1101.84021989616	3141.82175307598
ENSG00000131471.7	473.95771446287	199.293180024003	448.763535972791	162.449845906938	227.591298385457	308.311672472593	199.157621874634	168.489740405748	324.533775630864	152.655114108054	342.50338902416	181.817743063517	134.803063545526	127.331958644833	126.433288391448	124.988114866057	153.831189260564	171.029716500023	247.798314488977	131.308021664663	130.127540129874	239.242999114251	775.023912275111	307.401602480944
ENSG00000133107.14	110.819494059797	120.318039021395	411.924072664186	206.090041275717	137.267817641283	146.293497942511	110.042764730065	159.753934362927	131.517555085264	112.567195836127	160.312261614577	78.6372133063251	85.1027158321984	62.9807547069113	56.8234637439585	65.2004150084483	90.3814085258599	125.892565046932	104.005665682807	57.8734844652566	94.4109473750966	104.319583103345	481.409630468533	309.263764125224
ENSG00000133110.15	21206.8171531355	7330.18580185037	37668.0985445417	8444.52528269761	57350.999885796	27806.243801907	42201.5014242126	14160.445927432	17527.4375690648	10827.8738962763	35663.642655981	20834.6751223253	33004.4147218462	35814.0090941975	45839.2344808934	39586.5929340481	41053.8233711963	7709.72664143716	43812.5800566675	53870.2361040605	28490.8778578123	27306.4880419829	99551.8564898946	28684.5243383877
ENSG00000133392.18	496.507290143385	188.895679945013	304.280955123394	183.71981292815	214.812860264552	210.542984584933	207.12099761162	202.929636630227	430.729351594492	187.698631671448	391.887094464066	198.347756505463	233.483660435486	218.3570538893	167.625053724382	181.695066104168	174.888726656518	216.556874331357	292.873397532884	178.78177614035	205.055425317521	210.279708840713	2735.40654368429	294.883735121551
ENSG00000134853.12	10086.0245692865	10394.6448804189	7315.04428660128	8124.07616013129	12425.0988132121	21750.4651256511	10031.0034397268	11274.2175560821	11238.1022503503	9862.3723631031	10862.3307759567	15852.398151007	7510.6788199793	9782.1684522878	7482.16601202274	7695.66625450046	9172.33173028595	15088.169405914	9030.37443151726	11422.2333554988	6705.35357951565	12161.9485433916	5900.08390884087	8005.66356597736
ENSG00000135218.19	727.912611308322	899.457863063564	1834.14341822651	412.76061240471	285.095867917408	366.533198699772	536.639299471708	572.970559068031	2007.69108650262	627.002134809708	759.130622712192	455.321103092523	213.846494773194	180.862993082063	102.354368801798	147.543233660219	181.914039117364	710.381863410944	406.989676214625	178.870804187103	234.242680459031	390.319191959897	3135.93089228403	2044.50870479815
ENSG00000135424.16	464.052217648378	281.284343852959	1104.07413681274	302.211675018603	157.331832780012	202.980934158346	241.410900267878	238.392921144936	310.873280487248	204.51458949826	507.885341299571	210.664997183052	208.146234201374	199.357285290692	148.545500008996	180.730492836151	163.499996953737	310.351704671142	274.148993239192	150.607170662984	169.542571721225	159.595401817926	1242.06544746141	337.139334231873
ENSG00000135678.12	794.367791522412	904.303113866463	387.089633380617	604.380751840071	329.55486332307	543.753508788497	312.381537637989	331.982977240485	562.758859066445	721.103121349816	418.954488201761	608.042072171841	319.322593190181	449.676779900212	207.501450235145	412.246615076345	297.582753668956	571.540489819133	337.970828537653	388.793672220563	303.344687718428	384.183477253653	113.242246079108	298.23703055643
ENSG00000135919.13	10364.3241477503	8080.20438788209	5169.72135577916	2524.69898355534	11941.9550073997	16808.9574609933	8336.24152135981	5871.78357416684	12006.1605378793	6318.55957521199	17032.2945823222	17306.8617823058	8550.0298052545	11987.8651568625	7290.85014492464	12433.0545530531	4712.19605520869	8173.36956898103	8478.45955099115	8349.22467016622	8332.31908680862	13896.0895150637	4718.44172893894	4797.17891424372
ENSG00000136040.9	237.632408337455	181.519789009458	218.273383672196	197.903346331549	211.517529822184	190.161727682795	239.751117960871	172.408741442833	257.55118036856	180.465016387721	327.82584463711	253.093213335485	220.713989410384	220.147685544127	324.475756775299	294.477796900574	371.980932945333	194.088080018539	243.589745850296	224.193673960057	344.184849240537	348.722330715219	159.010294282897	188.761739462124
ENSG00000136052.9	420.031248501052	434.075326633262	423.016275516014	504.448597391851	485.796532215845	481.610670343849	541.212913196462	480.778963131416	463.795174721406	467.369634528188	399.423909348227	433.005669901264	555.169403420296	626.987674085158	488.645022619495	406.232758931959	542.63703136818	493.84829819565	476.016305671195	434.828497292953	541.146411487214	518.084413651531	310.246746984526	602.939332578759
ENSG00000136542.9	1695.42106194662	1602.94402262523	1216.41082904891	1013.65566707074	1946.88907917161	1736.82320358371	1214.20892865576	1022.52320680443	1784.80666436901	1503.19271207633	1858.58659964638	1863.82886659657	1302.60862223622	1598.29732045575	1014.41038146913	1131.77810378882	1083.34493331916	1195.79051796795	985.234762891621	1694.01085260434	1533.87185156898	1656.46742135591	1485.28707115037	1416.79112601031
ENSG00000137558.9	112.361451309139	63.7349731367721	86.2392909201006	63.7349731367721	92.824607334739	86.1957045777854	107.394550991044	72.2585366774852	63.7349731367721	63.7349731367721	86.3658273732063	63.7349731367721	119.283751717922	153.344604232936	80.1730621496675	93.6076494276495	118.445925878787	63.7349731367721	117.561960726521	113.692762957952	94.4456471421128	84.2003034917846	96.9248522554928	76.3893999103298
ENSG00000137672.13	319.65428538409	93.8558724829711	370.05673547911	75.5590701442432	104.727679648621	80.934545019943	108.414018694723	68.9995568491615	167.614744538783	65.7496285083461	225.495384612825	116.479139163177	99.0269623722432	100.23863957936	84.5354648988639	117.796714160198	85.238175734656	83.166258397675	245.388306593074	144.748533130227	144.085213049825	87.8604676600616	899.34784587984	155.480102962362
ENSG00000137745.12	59.8832229272655	45.2140847701026	51.5052948158217	50.157047625385	62.3585071411866	49.6468455292465	57.2165394397679	51.683239819808	47.6698711268982	51.1115815001825	59.8775959605094	59.2156265866412	63.4548892594498	56.065416370075	67.4498143726637	40.4598342007417	55.5201858354006	64.5621293208894	49.4409928465911	47.7782204131382	93.6780805952733	48.0675883621098	40.4598342007417	45.2525455029561
ENSG00000137809.17	2305.22856741577	3082.72541515248	3622.31203656231	2148.18430459996	5950.24300660156	4700.75618269557	3146.52662912727	2898.78110591954	3560.31083672697	2568.96058823644	6642.92296258759	4867.99185450464	3346.32705434352	3468.25818185014	4199.97402465081	3381.80829969105	1965.08484768693	2051.5057392934	2632.12719795731	3186.21570568136	3606.87601110135	5648.26176516965	5644.76576005487	4203.5635502789
ENSG00000138061.12	5305.64367712334	7144.89061043119	1566.41967714977	1332.7481802492	5087.26386766145	10860.0990624768	2915.97163887709	2533.73270406019	4343.32834150654	2902.27936159056	7650.96398231658	8737.75934324784	2506.8512314837	4494.95699811519	2154.98098163474	3748.5693522866	1388.12267133203	5059.63983848006	3518.74821302636	5858.89899377668	3644.0633541873	5263.36556633147	3211.78537395575	1019.57432838161
ENSG00000138356.14	666.931747283986	572.219657888922	1002.29324259019	633.972918762161	588.445525990837	672.472368390957	470.346304845152	445.678371712583	474.266863516536	419.286304934844	790.842243005147	550.609585900895	605.717549923384	543.717206883286	571.306740761148	611.478111993592	658.840751093578	482.044943590608	608.510957932925	494.516154958073	829.457801437827	692.060731017531	839.438989685133	348.97057462391
ENSG00000138615.6	399.840651308995	595.638031319287	419.009925431368	434.339434666204	547.848721369669	741.040736935445	482.523702185701	450.070820052988	565.272197453254	483.698569229742	473.216625315281	445.557457581818	471.344956535061	495.290199483825	494.071329324092	421.80480383881	452.623634270712	519.818414562633	456.059324513747	484.430003658227	355.239128855669	607.032004533563	446.886467087075	597.931874322099
ENSG00000139174.12	782.422008354759	794.476248352365	721.920687029118	778.993410967249	1143.72003504264	1302.54999158649	964.657004187188	822.521623117026	1173.19123122244	860.047629619126	1278.33457712205	1479.83122091398	935.804842020016	991.453616649097	914.192732160505	1137.95610656106	811.792964920085	1034.07884457625	647.50029696667	782.35213357727	835.549142962128	1368.80791599355	503.719240979149	1144.75120687141
ENSG00000139329.5	12908.0381756272	14948.9620997948	12738.3764439257	11975.2641113438	34870.4177590261	37839.1847397862	19206.9671468394	19146.192425094	22513.444266754	25709.5781900595	27584.9229315015	32481.6795135482	26662.6642513112	28079.6882829408	25568.5675437187	19224.6976261008	17293.7872323528	11900.0057123969	11240.6378751676	13213.3947774384	27364.7176416114	29010.9698865548	27196.2627477121	19669.7827254886
ENSG00000140092.14	3153.3981783873	5021.7268882014	2320.36083408434	4165.34085269691	5487.49192495308	5263.18707935857	3272.88220741476	3292.60309570674	5761.14320339064	5327.78691538441	4192.00220411851	5049.69535439598	3643.39664914895	3646.22069600893	5022.04123636192	5326.41393018038	3877.29773672428	3571.84450333613	3306.89256550478	3858.49093139608	4006.41358632468	5933.40155006835	2075.29938851944	3348.98475163835
ENSG00000140285.10	5184.87543544661	8875.49643726381	2518.04816937524	4840.46079800544	5054.61176919665	9254.47634231135	2971.12950968157	3096.54546939186	7746.07214800051	4652.4472932266	7122.26651320421	8569.86281907945	3777.99815639514	4745.7034307028	3738.54583892536	4844.40453581571	3057.7026905065	7845.22348289394	5534.88143947622	5793.40896472134	4063.37812916294	4836.09745970815	1205.08910355259	8060.2555798287
ENSG00000141052.17	299.328710781261	115.386143420567	510.062358368098	53.1375338166963	296.044204441153	307.16968648285	113.415802293864	51.9309361036634	151.887675026574	49.5397520686961	298.162654047504	102.15903953819	103.310666560653	125.810915502705	136.150043124948	147.204270362197	77.0792053698313	51.8596337044906	217.846275846764	86.9458012019067	118.332157933173	115.786633952519	1096.36426498357	307.155419289224
ENSG00000142910.16	1490.45116946188	864.859019348643	2092.69991609245	490.473768540958	737.308679030189	516.465860814275	697.128589096151	629.370394581302	1222.71696942642	678.533090291542	1601.85104530747	841.584240489417	395.398469474856	332.843578482071	237.482932277155	161.41717942093	401.092026732833	522.109538239329	778.097095364896	419.631626587008	357.292627171858	1038.20584288302	5085.70303329878	1881.69196389892
ENSG00000143196.5	783.683971972158	1338.18391583046	500.777748852457	1087.5654343642	1469.52665662206	1772.90246843484	703.155208032544	999.12970359601	1024.26091023702	1669.00689277469	1098.74948980572	1901.44974369259	1129.58301067429	1285.78784588706	1010.26462951024	579.890853263495	808.548922593564	997.715284455837	619.512325956793	774.294558651485	1548.70083615817	2605.99195354422	429.452972434803	819.954115881749
ENSG00000143248.13	324.307687816527	422.855725353693	587.722814309357	307.113366061497	378.385055068626	413.952115801273	362.058180243021	466.983271177439	407.062946536534	393.180571902227	433.552182599787	426.775121203407	383.724308375966	323.674636957388	365.881006416139	347.537228978367	373.600395805114	463.812822086881	369.292857753688	366.609304249668	433.583491230245	329.911907911158	1208.29810118619	388.581810082214
ENSG00000143341.12	1185.45205852391	2341.60399369559	620.07656885144	1874.168796716	2151.96508412485	2595.24296195672	1684.45144923554	2286.48898880151	1907.97398223248	2017.76988926922	1942.96647482081	2698.84168146259	1517.75110996267	1740.65829221204	1777.88975351342	1268.41553103205	835.197835007797	1543.72628776097	720.809988475628	1493.44220192688	813.24623779024	2303.95784105854	2038.94870620382	2437.13749780258
ENSG00000143387.13	7546.44246522259	7088.41929083988	5553.24204046487	6337.31951581783	5527.08402699717	4629.40196427425	5508.73824977491	6153.67908815928	7194.21100625132	7982.86558260955	6409.95805913365	6554.76963235269	8568.17575658375	7275.83573081906	8117.64732815488	6171.20353756197	7056.09213329811	6380.90468343989	3170.41108558658	3509.95790619933	7859.41235714649	6204.46428756317	1859.08950157451	4619.83627464867
ENSG00000144810.16	3554.17036281077	1874.6063184197	5600.27330236518	2007.52678280438	4388.81735442882	1588.33086316176	3043.10159251545	2575.15204793366	3699.98639281845	3644.26936973125	5111.39402907017	2864.23082718204	3784.2892206132	3089.34614149578	2534.44599728922	2181.8327612253	2530.73061089512	1942.51418087922	2211.87212206338	2126.30639741303	6913.88967850137	5809.1387317172	8906.18739273238	4536.69856979132
ENSG00000145423.5	2326.20131109803	3450.14192754629	704.443024163366	2158.638290108	1704.65801527903	1565.28949700998	1171.76535053067	1612.05169523283	3114.5377091091	1597.82804805469	3692.75437386732	4896.93526513158	4095.07604936054	4617.3979212999	3048.10291883461	2033.96347313494	1461.6123254241	1767.67103737201	2031.15666640775	2970.74032865715	1525.17971400453	3145.83135489883	805.744598606413	1799.56189143673
ENSG00000145824.12	309.823530009934	659.102632084243	243.019867560858	547.526888792626	312.990708888984	542.636511429188	258.349056809895	432.887840525131	333.204852347561	380.495587749532	362.218763102869	558.206802672521	282.946841503936	285.273687750012	308.196525304433	273.201353821641	330.429171237237	616.661573115268	292.885601302317	302.862144963207	266.962891996103	312.352195862581	236.971256424705	450.117659018909
ENSG00000148671.13	2190.38805196128	878.875501861415	792.963320969395	424.535340293528	987.947281777564	853.575850180743	1169.5051832414	649.005683065599	1508.23614234118	1097.96867309986	1114.48130625374	1311.46962328687	1670.51976785211	1795.56220079054	1155.54105131182	1248.77548001506	1563.9956068402	1100.61686381325	1166.52827704317	1117.51847321163	1288.38042781572	1177.77790014752	2080.61167980662	866.936899803702
ENSG00000149380.12	1081.80023987006	818.353480666825	562.176114196655	535.990423920546	750.686588195283	919.87895203861	867.568340615963	549.716366175431	685.559903997834	530.40255042352	1185.13114363124	1305.3144539496	1122.8326718575	1385.64873943173	694.103826489963	962.202474875895	628.525841236928	1040.4046830395	1069.08503692239	1303.27898436361	547.699504824138	719.388834649912	456.550112856953	823.047418667924
ENSG00000149564.12	152.247028066474	76.1619347188609	168.803513892224	67.0349976532085	84.5768643355711	72.4827458624217	95.0499120390238	64.9713611916863	136.956652155642	68.1475839119887	155.231401808397	84.5187295330908	78.0394023472035	78.5428107579318	62.4583483619899	55.5854143545947	67.5927548343408	76.0353573320988	118.354247466463	72.3787691882142	103.421320112239	76.7877563892585	1503.21088631374	143.263943146011
ENSG00000151320.11	80.9821251087822	90.5678456809423	91.1856412869123	74.2783019995985	72.4570727469976	85.4971504064225	72.3191055895307	77.4282395041377	75.2789121981031	81.1317657101748	76.114135589264	62.0051734683768	71.5663569021005	66.1187728264017	63.5324487332195	60.9621248570752	80.7817068606425	72.807408052041	75.2360162162295	85.2458251368988	63.4281786351605	70.284017606474	198.933207023626	81.8672972656434
ENSG00000151692.15	640.910906849694	740.20950619216	200.717227726094	297.755236378736	524.538270333113	678.197464616149	554.565923847302	509.836334431114	580.320919725537	725.2234416221	656.783705462474	918.129029004118	333.487701800877	384.423365782999	276.487216070295	256.786293993155	376.563628823594	504.770452681535	319.925156826372	490.32012648646	299.981547746502	531.620799579811	148.135608069994	506.904442223252
ENSG00000152377.14	4534.87615666906	2961.5191968983	5168.26517214391	2590.11681576837	6301.0886565495	4516.78974328437	5544.73012261441	3667.0325706192	4037.90861586832	3261.21260355585	6279.0291923412	4994.80020129176	6525.58535300092	7012.46289669002	6926.75474426755	7133.46629771928	4224.82242924155	3622.38516109482	4579.89879878001	4611.89313508114	5909.99857465582	5977.68210912115	8143.52711744199	4515.70480357726
ENSG00000152661.9	6529.14789963158	6148.60873213201	4032.7938740182	3913.29578460602	5088.175362508	7632.19481302335	5365.62628778165	5185.85044511297	5739.17965600983	5051.25393218923	6095.42416686578	8111.12448827108	4760.2130554842	6356.18173721836	4574.14104483502	5036.14142474919	3506.9023893738	6386.20708839636	5054.60464054773	6893.5661688398	3903.54099933206	5444.24046543761	5353.71924793386	4344.83429297553
ENSG00000153902.14	75.5970863496337	79.3693212172132	103.104247977882	64.7238004377962	85.869495576336	91.1060303606832	66.3608004836414	78.9952390457738	75.1219856806659	77.298880115322	77.7577849380708	69.1049497239977	79.8611939143687	80.4425606792523	73.0377905722618	72.4196111106324	67.9093917193739	68.6865871168082	73.0326938250913	77.431243997786	72.9029286213677	80.3902689052727	151.081780239879	85.8176781210267
ENSG00000154175.17	2448.0711519233	3877.29281604708	7213.48865669826	4580.40545228768	3967.91464351283	3757.43759727398	3010.73410035921	4505.64768083344	5042.693384245	6481.96945483861	4162.81746174178	2732.21981650556	4400.20743903069	3795.61100227179	2692.14134216355	1397.74216178809	3402.82973666602	3981.38266869216	2083.7586973542	1875.104576177	2900.06225403878	4912.9326567341	5225.61217525398	4450.18440976417
ENSG00000154262.13	524.344926468458	1018.12149247275	336.104252402328	501.938256241829	744.26618970775	1290.92504698932	349.462546218267	426.01165792668	645.642588758565	510.618875217682	729.45525819973	685.807998871391	415.842226322253	631.218514242904	304.735615372441	459.671084321855	328.315744833882	703.260449148329	346.143364301641	519.822910274093	290.881424997033	610.252624759856	335.066900843274	343.768879739304
ENSG00000154556.18	210.333628886452	163.970487379423	457.90016881134	275.533733828466	259.644773285628	290.328650965066	168.652306808496	253.801284863164	261.760504787373	257.653744118356	338.235387938432	280.128822753971	147.211142370524	126.617075927782	174.875688002751	104.271659394969	151.926752394369	262.077964078476	118.963942339439	113.20738768192	128.893517419508	247.475538914493	1163.63868271351	285.268869747265
ENSG00000156265.15	351.609597927745	206.393172193148	1053.3945156054	253.263750445204	559.717324592828	198.025230271826	446.078092722361	250.60170759291	331.449619812346	246.517576887309	479.579240692424	213.793396841064	610.06140897694	489.311572719893	522.143834055604	443.913804876761	436.039772618211	224.760745882568	418.953418796736	346.149189284074	622.903823341797	367.343244770031	1707.79876020111	309.822664830919
ENSG00000156453.13	115.17785291251	77.2355987338295	239.807667038192	76.1132226970941	87.8950276676796	73.9231241688148	111.949126582805	68.3589120942687	110.916970160761	67.2942262108864	86.9758856612394	63.3988444061379	148.511569050077	120.822128133671	133.989783298392	93.740158191942	103.809281263995	61.2288508143325	98.0361824044329	89.2362853006913	126.310438603039	111.920126636308	887.970189621285	195.077643086178
ENSG00000157214.14	1137.85619958377	1094.00340377566	1020.38239032868	1757.7138583749	1256.44770133753	1134.53648078983	1074.81367463172	727.202312806044	931.368907080973	958.278236245605	1178.74865061503	977.762888093947	1086.06417671097	1242.40791742372	963.39822225498	1005.03766948939	1088.76328383056	909.368300010865	987.751406301565	950.06917100838	1805.42764804139	1244.45754209269	246.784674678248	1102.93793266032
ENSG00000157766.16	1253.33065923488	1285.98831680547	3852.07619727996	208.700889698012	435.590974162468	657.78688957595	447.223478884814	476.208525002618	1074.23928835522	253.861302184853	1021.30498428249	466.437531550651	352.599142118407	165.219483392345	396.298291704453	247.821763039557	189.892369882558	369.67709999807	345.379890932562	161.778763191053	419.990889103755	141.08746417091	11895.0206780275	2724.68244003551
ENSG00000158270.12	2120.27505184779	1742.26542584597	347.591083515075	1033.27675096666	1207.15252768058	2526.45970357861	1079.94582463895	1207.64805094226	1678.29641184629	1497.92805743921	1395.30042046327	2151.67514386912	1025.81656046456	1284.79727874665	730.331099007588	855.614751856633	855.205136890263	1982.09191987731	1052.1199186307	1319.81329614724	906.37792212141	1153.18099114164	138.478010389479	1227.65296846684
ENSG00000159251.7	142.945047857805	242.83556775219	52.5026836750406	76.1496565800062	84.557547859269	146.516467796918	59.3525591008267	79.0320956283794	115.287117890533	155.824189024458	141.000498120017	136.935200275409	77.7943017370662	68.9741892069215	161.138507142015	83.6217299570258	71.5298359214178	56.2557273158711	104.137698599463	95.6037999389568	84.4003893516149	100.52694459	80.3691913189188	113.616719345295
ENSG00000162493.16	524.868557883352	392.744134865714	254.109695366507	482.098690492138	306.227129408294	544.089195896914	716.49251555002	614.93121675901	313.751413627722	390.131534921027	486.881546138913	621.109510701204	717.410266467801	1096.31002444007	285.754132767517	333.326810054481	636.302084203276	326.671541075804	369.562602239802	420.977155547547	529.665978616775	448.909992013211	129.069145422259	277.70662925781
ENSG00000163017.13	468.306432858663	132.972927206776	898.240149419505	124.778812094179	182.606414820203	133.692857608884	188.043715965877	117.663284105488	304.159756537557	130.713096928256	413.277596389443	148.992784149094	191.167646647153	293.167879471886	132.704503192232	115.300946904401	206.002367503029	125.819070162436	289.10046712178	135.828697132844	190.49566404909	129.897038908973	1426.99666799325	242.245831170479
ENSG00000163359.15	88020.7326793732	95054.0811491357	105366.251839615	117049.546756009	115813.696764256	120509.524473824	105093.609771385	113067.05118723	112576.215655484	119253.541675936	109836.022774396	105646.192096392	119417.062111653	104985.597020416	127748.788210858	118899.045976187	98646.1434255762	106865.396083455	90235.5266597741	99797.3993894627	105937.984444782	132798.487146355	59773.7690475355	145788.449244496
ENSG00000163531.15	907.855466725496	830.559891737714	701.920988424997	849.870166013577	627.054615120124	919.855939344486	651.583636077285	608.183003898725	727.506191865468	825.242170677751	580.517480183532	641.904865801089	630.019508725261	773.148350253392	706.669331003144	942.324859229081	593.038099912591	652.397341233574	896.369377921798	728.59739495086	469.132345881839	560.953802968234	467.03918182558	920.732095134825
ENSG00000163909.8	174.415860755604	140.771135186301	284.236498123449	132.480884530117	121.333909976858	108.240357121111	125.310275871169	119.667685120835	151.950892815556	127.883698304027	188.517980633089	118.561374727386	127.484217143184	107.270501643399	117.47477892092	134.41854700257	116.760851587085	121.683918221045	124.450012491278	117.825623501458	127.301160031001	122.590251188775	964.321739911012	179.89185955169
ENSG00000164128.7	74.1519995995008	47.464040067973	63.4296197608891	47.464040067973	59.2351711425263	47.464040067973	53.0005045398605	47.464040067973	56.8212861754594	56.9120630077894	75.6998466824182	57.2838632959958	53.385740252575	56.2265439486601	56.8099633663507	60.7342233228237	47.464040067973	47.464040067973	56.8075228780765	59.3397679643712	47.464040067973	47.464040067973	73.2276644609894	53.6675837143554
ENSG00000164220.7	465.853096651506	262.086693234673	912.698103364186	466.62294535625	461.002022810899	234.199950656148	1024.23895725903	714.404212308421	288.442326422907	330.739344063372	643.764397313794	378.897641907879	801.002670709577	784.598046898275	568.024259721769	662.87137280058	798.642996405182	391.027914324891	548.332275579055	598.842732882625	486.31338661405	436.743224974844	862.335774587318	634.018008746521
ENSG00000164530.15	756.622093603822	1898.38619175946	572.110379267459	1199.33983079726	3355.92875883024	4883.05890743274	1473.83997604977	6638.10740019964	2294.47842481033	2751.37389557423	2267.21372460541	3898.77656984229	1464.87849661785	1792.50974054145	1422.89021193504	899.826806344622	2063.08719706999	1748.49668112145	1437.12146169481	2104.96626066851	422.789062116569	3639.00291285049	1847.14108552455	978.527936285957
ENSG00000164647.9	714.482895159132	1071.68035605236	885.304551644921	1582.10859688337	859.550625210895	765.08332614177	886.011760038348	918.04259825359	818.473953813581	939.395760222305	725.762596608148	820.082766929474	846.215761749688	812.45916446871	708.845385596275	660.936480760419	1021.03801891887	1117.98902811369	814.591857770354	639.93172804711	1287.75976097467	933.485033680602	304.9591280255	1016.92709172221
ENSG00000164692.17	299490.003948921	386598.287297679	326632.150097722	355335.305028774	517743.452047221	556084.661705049	381287.9761299	415729.514372336	431055.510626717	390003.2193076	520854.266082899	501585.797662846	406663.54596599	440222.673166286	447480.787830431	437492.756023552	297007.91163631	341184.555417124	381615.258436717	416392.870703928	380971.496626808	595008.682149016	403571.629492121	431617.887890651
ENSG00000164694.17	1724.41191167478	1787.99629388148	596.261738930366	1239.57927598726	1916.87604157156	3108.39249706093	1352.7148532949	1025.43969689395	1638.8427641021	1546.23496664448	3498.91481814061	5016.3725215054	2031.44983402025	2851.95313691045	1217.56937948836	817.301703342349	613.81748960502	743.499077190674	1525.18007681268	2574.72551354861	2641.35692720929	3305.36057942995	809.668812154905	943.356350877745
ENSG00000164932.13	4592.8660149031	4925.48866973261	3185.3725057047	3685.49824440199	6482.50704456812	5182.9606064301	5602.05837225394	5093.81205888362	5050.93253827796	5553.85546813728	4675.28968388794	5278.799414674	5746.28734960732	5654.50760816073	5124.59561369592	4655.19733455969	4221.86584800247	5002.68313620415	4827.88956871085	5374.88830552217	4810.08300037431	6048.11143209133	2045.68443408187	6156.28828881703
ENSG00000165474.8	105.68285550607	71.1442126888598	97.5075001286677	77.056565232727	119.356457925368	77.7072836965801	344.995153478721	220.654224025536	97.9579302009591	87.6228938209796	124.789409317056	105.96580623025	183.448580428748	198.68292707525	100.075914234436	110.162184867147	115.456798701198	77.6835096374594	145.227974363705	120.94565164195	302.517199968469	158.465692722249	206.202224772208	270.159948824224
ENSG00000165757.9	485.28050905608	434.089247417298	1142.7403694134	917.074179678745	1664.11799162806	665.525355144704	539.033088724402	316.108958947631	1157.27787109888	1158.13424923164	648.187266097995	571.09478471727	566.831830538415	442.793323158643	1039.02320606401	954.382568210062	817.409406453844	633.736508292773	439.1022328472	552.718894556934	798.855688510352	592.792948960477	2035.93248074918	851.121137224862
ENSG00000165959.12	173.951365054481	175.652373437995	197.239804714915	155.480343598872	131.303497856065	143.786814989066	174.96286707283	155.060047442707	150.310656833935	177.638113089473	141.417431425808	133.468296248287	232.385359499418	189.324486252165	152.756388557432	218.961069701755	172.728881974426	192.406872737479	180.850713790763	168.877939027926	144.5425571365	154.521469264228	129.17917267178	163.659686021436
ENSG00000166148.3	102.868226299315	65.6744764515228	93.6093776474532	65.6744764515228	65.6744764515228	65.6744764515228	86.8060047193071	65.6744764515228	100.977124622467	75.9530953643227	104.528844986745	76.3509037079025	79.2760697346366	83.0595607799935	65.6744764515228	65.6744764515228	65.6744764515228	65.6744764515228	75.8411633526007	65.6744764515228	65.6744764515228	76.412716127482	85.5214313367147	89.5795454885705
ENSG00000166250.12	6858.69894898007	6459.53197564862	5874.94742742882	6686.52122156867	5883.76798002148	5626.97443730785	7082.16292379002	6391.31094549472	6546.24169951974	6367.35829804571	5455.64453559942	5963.99221636373	6547.90006075281	6920.27579630278	6371.76145071946	6776.80633603646	5901.16047391724	6130.81224820231	6901.66276585004	7003.52246444893	6637.35994806028	6153.33578768356	1997.33980339259	5911.27115898609
ENSG00000166923.12	14559.249022536	7451.5653936066	15326.9275059803	8751.99056922101	13950.7431848038	9753.21097254757	10697.121463484	5390.01295993978	15627.3078883238	11833.4518012201	16243.0553809941	11232.3734315156	17293.3346515691	15493.2890884459	16000.8440865166	19195.7908428183	13268.7825525874	8878.27691106924	15226.9195713447	12746.3534454227	17955.585621149	12727.3034597683	9755.21430809058	15158.4137599182
ENSG00000168542.14	136094.955151212	197508.63270283	144404.985951465	199359.972099588	277261.430817489	410641.743314913	211395.849789025	255843.446175105	219239.26391301	202891.857179919	297195.073689858	330160.336068338	192785.758473215	255231.600931804	206841.692455862	196587.908277591	133237.970838906	189487.11663878	177424.30997571	203337.398138985	198776.053557762	365944.645623125	151249.388934099	230245.923663714
ENSG00000169116.11	453.899882278974	280.012016427853	272.943214193141	292.195641259095	186.493374196827	340.614075532092	199.891330603837	190.410094023435	169.493645157395	172.019642407888	248.381731656812	272.799022028063	256.82945214743	450.51386319064	203.309290856668	198.111184866554	272.996557455804	349.850938995097	436.398675472124	392.733249140159	197.196805499754	187.724247755304	317.637003213045	214.664552422123
ENSG00000169507.9	56.0067299702717	79.6933213369924	72.7384419088265	67.5705167140081	48.9789529660756	60.1021833637302	60.611930047074	61.7942526949961	56.4526903398734	62.7602525114835	56.6624709735056	60.4127679091694	55.8443780865885	48.9789529660756	48.9789529660756	48.9789529660756	59.4892999842619	60.0897898227834	48.9789529660756	48.9789529660756	48.9789529660756	48.9789529660756	72.2793556067582	59.4510224448399
ENSG00000170373.8	45.9544554671774	37.0777343864233	50.9043185280015	37.0777343864233	51.180969548517	58.6711951103038	73.9805695642854	47.1441937429619	37.0777343864233	37.0777343864233	93.4068831447843	57.6054745824253	37.0777343864233	37.0777343864233	37.0777343864233	37.0777343864233	37.0777343864233	41.6339351463598	60.4619300189765	50.2576069500676	55.535800351894	48.4117689528463	206.36292581164	73.4377663686159
ENSG00000170412.17	179.952916474516	261.644066725428	81.6637374795166	139.445637363693	78.4608880423875	172.65089612101	86.6426454887119	105.584521189743	150.600857398911	88.3166051532719	214.329934433917	221.19099797532	80.5674363020541	132.394307678839	90.2700794946503	187.448005777829	67.1686459821039	184.284461403237	212.689843624284	266.191274446264	58.2698278027514	88.192499055039	76.5805230028928	140.648508070309
ENSG00000170624.13	952.066296445058	1129.33642513335	807.127608599722	931.103378148823	1636.35112045652	812.352267490534	1163.4124508931	911.522320781608	1181.28816028948	1544.90542347384	1110.45521953201	1184.06088624557	1604.38747686694	1162.11376031756	1334.84556947431	779.377283242697	1288.90741071032	879.261412547407	704.555889539429	1031.17442597261	2136.16391761618	1931.61212146911	379.62925072178	686.000302319063
ENSG00000170801.10	674.366052947451	2567.69887472273	930.661111145483	1673.00423787919	1122.67596099962	2581.86288863125	792.320329151734	2079.28261112938	1835.65252908906	1843.84627712972	1111.91253115347	1940.91500546278	904.960577727005	1062.68296942018	786.745282620486	896.849893584916	609.02757439449	1920.25745866669	617.209918425821	658.140709173362	734.639693879522	1207.3820826256	1065.1510369174	1455.20063427457
ENSG00000170961.7	4385.38828934955	4047.17631133581	5297.98788164932	5804.63978536153	4465.2186080344	2790.66651104784	7836.64471935587	6416.07014976452	5356.66603703218	5723.22089576811	3761.46209606112	3993.93148101826	6939.50993995393	6455.98869403668	5697.00792681706	4683.91018686141	8374.88511831807	5459.02134175225	5389.07313601551	4553.09568359417	7967.52062904045	5063.1568499264	2183.35078537328	5037.5424079334
ENSG00000170962.13	218.176101078716	590.578894263101	309.988358120214	546.591891436186	340.627315307433	654.990534716623	289.055301011422	306.611550217818	473.340190818213	522.317422935101	413.814287688034	661.222998113455	281.164126102956	294.122104602171	429.000276195506	443.46841314868	325.335374067106	590.893900926165	296.406531517952	347.106241160692	279.461926317834	417.846960294137	152.25143271431	402.198572653579
ENSG00000171812.13	566.688692815448	529.520150376434	528.740346954483	494.789178505417	801.841092196262	412.643747883223	674.13984388141	518.212522072411	700.823964035646	638.410858855504	704.104960690099	724.734634538027	1002.50407868761	887.390337955919	1194.50344137887	1323.95948452511	769.985108286597	535.405657894058	586.722141943079	614.031947395228	1214.76309450832	839.407941746896	278.497570081867	402.99976353474
ENSG00000171840.12	190.541830209083	245.530754243577	132.961836292584	181.050305696642	189.037648136023	204.181454281176	183.390011990734	215.255400431584	251.672690101292	236.513391568084	210.49426506365	294.826184298889	165.349214576249	183.171763341938	167.887961148046	132.427167377168	146.215120847555	257.404953259272	170.631742782339	171.073209869146	162.964227479101	213.57072131081	144.455523788295	204.458415545187
ENSG00000172061.8	1921.02188592405	3260.17335148652	692.825346680852	2217.25400231297	2635.5874741715	1266.6846035713	1620.41770371875	2853.04410014187	1688.63030264207	2270.97170753911	2630.50344449034	2919.60842383722	4277.78762598049	3866.32836442341	1852.75633323166	1292.64075782976	2507.44772369748	2805.8122280776	901.135246699789	1124.74065333805	1504.0678108273	2154.52633634133	1535.99095963378	5881.18113751999
ENSG00000172159.16	187.821927143843	250.385157849153	285.948870445477	245.547726861159	136.941566738918	180.624258343455	194.407601139738	320.10011304566	406.36617616685	347.145011085111	184.074647012712	245.858732073495	128.724207489408	113.676653993998	126.035697268762	116.428329127131	169.599124082143	344.157855296603	187.261914655657	169.08580779557	120.578506732418	160.574494090823	300.209607796256	210.085638495944
ENSG00000172986.12	476.322354950458	561.286482741309	405.260546544489	541.373525729672	678.531805143375	706.228498155863	524.194013470917	659.568360800191	453.127317887916	576.935540653841	610.5103939844	670.699370518128	485.454288633296	515.510360099682	412.77580871939	384.620456947498	427.30906451567	562.188384760687	439.552402885787	544.72765208292	370.931115954256	626.833729561759	389.247742888553	674.56446357204
ENSG00000173068.18	1335.14449604968	1803.05451832406	1305.56125270105	1820.40434602837	1622.77534879225	1934.00224479636	1437.14253473583	1631.36808115582	1485.45503389223	1612.81443775579	1539.70691052853	1546.18134140116	1406.82078065358	1616.27746672449	1191.00835148367	1272.14080944397	1501.89819712963	1810.03615164636	1254.8618652189	1442.00781594829	1266.31748484974	1756.02795866971	630.816355624729	1537.30218978544
ENSG00000173546.7	1695.94094445593	1048.07357544062	2923.34854268276	1587.48281934151	1060.77982682886	547.762618411793	2312.21983561602	1690.91220249793	1796.90095483011	1919.60721783281	1204.60126501224	902.619749280199	2396.8125308348	1793.91280034082	2855.80214754878	2463.39812715328	2383.63742784271	992.272260834738	2091.78647420033	1319.28587567292	2233.85383163379	772.677868674949	6318.59257918111	2806.47499903127
ENSG00000174348.13	659.78131671384	1001.0085139831	859.104225406842	686.651031548688	1687.35352680202	1766.60711672071	961.813158215377	984.567812758433	1755.11088771339	1548.99516320772	2629.93129784736	2035.88283077727	997.595350029871	938.448360986649	1810.89510084001	2124.99738991962	1002.33885007213	723.826400410548	794.122137451677	701.734720546736	1055.1004743033	1839.45714420779	4036.06980946976	1250.69897212947
ENSG00000174944.9	55.1062130527312	50.505678538815	56.7497967699198	50.3069455043314	55.8673784446668	56.0363750536308	44.6406912580861	44.6406912580861	50.7814590461142	44.6406912580861	63.2572215693907	44.6406912580861	50.2845895001631	44.6406912580861	44.6406912580861	44.6406912580861	44.6406912580861	44.6406912580861	44.6406912580861	44.6406912580861	44.6406912580861	44.6406912580861	114.213054799001	69.6694739836466
ENSG00000176971.3	346.299926089547	381.012162675359	264.037174298505	298.143878759413	556.642485061395	559.032861568526	485.656642902301	425.997643514028	358.449641460715	592.716329833106	430.830709278407	509.320937147082	433.480316044743	556.07778189725	358.066847190964	336.569250527628	763.458370845996	580.320095895243	242.92353515548	422.507553282823	424.25571744766	749.967474567332	187.944314764773	302.508233582007
ENSG00000177098.8	108.387180284771	68.0399700337072	82.8632433909035	78.1591905566316	79.0841549101118	68.0399700337072	77.4569946675583	78.3748966850277	68.0399700337072	68.0399700337072	68.0399700337072	68.0399700337072	78.1188910518097	90.1366712555599	79.0021312709429	78.6589299289348	83.497229216822	68.0399700337072	68.0399700337072	79.1792381791427	83.9261757060218	68.0399700337072	86.2706118849684	78.6036728903275
ENSG00000177464.5	148.286612915983	227.01139740589	75.5723119854441	214.99403695698	121.187830998092	129.460018484384	131.070967961407	173.376873583839	98.0204735032585	155.979995296232	150.227396441752	135.18928674354	131.577476571027	122.144348956103	96.7458120932951	54.116009612272	177.516187115606	152.047331486906	68.8525415371444	114.925343126669	72.8785083567996	95.9838225664664	51.1950060019446	100.538849428627
ENSG00000177990.11	159.795502337209	100.155939865066	152.916445966725	104.959896338139	82.2826870096204	90.4049552620421	135.407292453556	118.572483734193	111.211291324758	107.518993940992	120.149973276979	70.3593448042931	103.473221186067	89.0057502925252	133.343012002146	123.122147193267	102.168073877923	88.534200910341	113.878931027057	91.9574795147218	130.218178298354	85.707220909534	147.763215418144	143.561593732975
ENSG00000178031.17	2086.71941343029	2020.06936418575	1934.48775778363	1949.32570776757	2456.45088942775	2299.08718930561	2044.15519837071	1957.4570414258	2261.28468506624	2267.53443452312	1995.48808159489	1918.55631202375	2286.85182538394	2061.69630242326	1992.47007432227	1684.68304101667	2108.97729693247	1866.84474747198	2026.52592935004	2419.7234848885	1877.19430484092	2387.14188020755	867.439101460072	2400.43745015285
ENSG00000178878.12	396.333705444964	476.30627407737	530.87795207814	399.429391144752	582.728739548184	593.852640177642	409.044345776575	551.416212574088	407.941709451085	412.722063519105	450.229807169654	430.566244037063	291.739183602979	316.831114247157	273.360334567051	265.03401660403	564.832450523803	637.294529404063	323.527088093799	372.702463611228	349.131606682112	550.990456278006	899.312424104628	348.758560111512
ENSG00000179097.5	98.2681986347096	134.307996771546	125.389104887674	83.0092455578485	95.6744095266647	48.004834213926	74.6708308931776	88.2346667340166	107.018172352312	183.554098232767	72.9208135560518	52.4683445336824	57.6169006756546	58.2522179321182	66.6249114608853	48.5444193263996	56.3117167474558	70.8705305101239	65.5078528442794	84.5300704144731	101.498796269951	133.746303303681	73.4211231270278	71.6296298044322
ENSG00000180616.9	61.7986735097321	62.0265909578906	54.274907283622	61.5149410877573	60.5877886049838	54.9230981080498	62.2174733138542	63.7170303198688	54.7781475582072	47.8072879108412	69.0816140060305	65.6601259199971	54.2122714672744	57.3028268484727	57.9388986960855	47.8072879108412	47.8072879108412	60.7666787206153	71.7298830105982	81.146480554846	64.6271559673445	55.1578125900604	54.1635247220536	60.010671411902
ENSG00000180785.10	69.2188252810515	69.2188252810515	69.2188252810515	69.2188252810515	69.2188252810515	69.2188252810515	69.2188252810515	69.2188252810515	80.5418896695244	69.2188252810515	69.2188252810515	69.2188252810515	69.2188252810515	69.2188252810515	69.2188252810515	69.2188252810515	69.2188252810515	69.2188252810515	69.2188252810515	69.2188252810515	69.2188252810515	69.2188252810515	126.029371032602	69.2188252810515
ENSG00000181458.10	1372.86301018999	1355.44437424672	1602.71853685996	1241.00761294573	1728.89383734958	1659.67664976619	1278.4180688541	1086.3673049714	2048.55577751559	1376.49597955158	2100.69087428401	1691.01926629602	1467.40527063896	1534.6320845892	1527.83614752984	1778.93019815901	942.802781825181	1342.61232073403	1679.31420390059	1361.23144537318	1597.08973052545	1807.23099055504	1768.55836251184	1824.98080643375
ENSG00000182963.10	944.049079299525	889.84849529985	1689.99080901066	1434.39107763688	867.806641671508	679.279605346981	1073.78172562418	1106.91724972417	1035.19869788975	1046.2191294689	777.902270236654	756.371898905916	1028.71962958172	860.53250716085	1363.39577151814	1178.98996903439	1187.07445707242	764.525308036819	939.214750930469	913.986080511531	1214.05405983084	930.313395157647	1209.15790000135	1105.01175069617
ENSG00000183023.18	538.617787946027	566.716317667786	776.557454847457	656.458195179348	890.562529583045	686.028280698051	669.911597032642	562.230639059469	760.859011653963	627.131561231402	719.287463106075	613.683400045399	670.552123462376	601.778439935383	661.175126892455	676.990907604412	575.970629440159	439.144399290295	556.655564036151	469.010451493415	830.09605091241	794.76047231036	624.429839231434	922.985314535471
ENSG00000184060.11	76.2260825079544	62.9134984575423	101.542679109659	59.4936935985526	76.3491132721169	68.7852697036381	66.1050259253324	73.0412565793619	79.5258827213214	78.1543997894376	88.1803599821779	63.937768081796	70.8129556168891	65.2234364156942	68.4189275470799	67.902431600563	63.0361956290757	68.7668624376344	66.0719083675718	70.8545156675698	72.3780438189545	71.6165130842488	233.380654652253	73.5300794950992
ENSG00000184254.17	1461.65820644481	1318.26162299997	538.177576715368	696.195321770621	2306.81627052362	4237.89681874683	1697.06862707148	1282.83150257716	759.285947844891	1107.06675242718	778.776546251574	1239.55997861907	844.054620424864	1389.35367280838	779.059000571807	793.297084486341	1309.64082892556	1443.32536850347	2407.19450478095	2266.35316939324	834.515821636402	1044.79645043846	2832.46788833272	619.538566324841
ENSG00000184489.11	149.102716222378	144.729756553521	92.5510847810309	90.6503606018518	134.19951504445	148.651816772415	125.677150392234	86.0280625086646	99.3355715954448	125.67515470292	136.367970679557	122.613584767759	118.00443225162	133.901560947443	147.409844219787	134.463350444757	135.632447889368	138.468475651485	115.665017249861	149.345240556138	131.379545687718	121.433513051659	138.357989208269	99.1619797055447
ENSG00000185070.11	2439.24400215046	1395.30253657785	1262.15993607142	1770.36870309749	2402.22426597898	2539.79041235089	2603.84396517729	2262.01978004611	1162.45823001447	1565.71877475193	1867.58669301299	1786.02746929563	1933.4226481051	2294.89994740734	1584.4581945213	1667.71560550123	1906.01548313056	1169.63808117845	3061.78851014577	2535.37503790854	2325.55137815352	2003.27939069665	283.096053458688	961.598822541707
ENSG00000185565.12	499.719608545216	223.037615610522	155.341825434124	220.014756265143	198.47302313169	142.14819009493	298.340492072699	282.735798102821	138.367652987432	174.077931379123	154.33810683237	164.452418258929	253.3581079172	230.944355533619	127.534916092989	127.008580189662	287.99937497037	108.169142190283	159.654027247972	181.564400003329	203.834145957941	148.996861595821	63.3611250315465	99.6745246467355
ENSG00000185567.7	2232.83022000723	1194.32611002553	1506.9479101911	786.597827426975	1140.11592642	868.544180653554	2406.38653104417	1280.66248423499	1729.61781980757	1858.15286230656	1307.54306518732	915.258415544814	2657.39836846639	2635.84212931881	1788.53086516088	1923.93885725211	1851.1494667766	925.409474102279	1711.72252239604	1900.05208909478	2571.98797932085	1566.47595136227	1209.63534187998	1164.22941687903
ENSG00000185633.10	1539.3518048588	2925.22371742795	4447.64877539334	1470.19430634675	801.601553646168	1468.06472409569	868.208232250743	1764.15300238851	1826.70551676953	1184.38505476889	2336.56175346303	1605.25386676621	456.640026952497	643.505192150462	1447.95936228438	688.169595074576	537.941037948177	1231.61424185391	1079.33216765194	686.984292015818	593.345070526239	802.907913433246	6395.98326920146	2632.36634875487
ENSG00000186340.15	17193.7615301885	27507.9476877406	13062.7711654224	10162.5895609583	18678.9497994107	23842.1373870607	14188.3789040104	8523.67121079134	19816.7346369	10992.1062270073	24537.266972533	18554.0046787458	15187.962084151	20518.1369764144	19504.0572426068	24394.7096721378	11285.2101018473	20442.0268771042	21918.4616948115	27707.8116923906	12321.991321326	17584.2260794888	11778.7583101185	17780.7952765314
ENSG00000187513.9	87.1767944053531	82.8335946267515	99.0636182587599	72.7509697822863	72.7509697822863	83.5287187617169	72.7509697822863	87.2007561167799	72.7509697822863	72.7509697822863	72.7509697822863	72.7509697822863	72.7509697822863	72.7509697822863	72.7509697822863	72.7509697822863	72.7509697822863	83.5170738969658	72.7509697822863	83.4659165250851	72.7509697822863	72.7509697822863	240.730461567751	91.2306565961675
ENSG00000188257.11	171.436063627133	442.891670427123	185.072813078951	413.888905939272	295.884905715251	931.016666386474	238.690591011715	493.025075418135	335.193713467825	225.041500388956	222.51266823985	366.356231599677	184.763107104271	185.411225611341	172.512508053605	171.939164711477	171.909890478667	269.522385504371	198.551240439622	181.297915662984	172.38765053355	425.306662423247	153.891372361934	213.959855339371
ENSG00000188643.11	3724.53148631626	3149.00962095087	4170.22633705677	4274.36448938945	4585.35163498085	2925.28427873368	4976.39759931777	4226.65341678796	3835.1915017999	4152.05540420399	3311.03217698396	3389.08251216788	5657.52562475495	5036.96546304718	5526.25909690332	4833.86407902345	6227.77074343733	4303.68667756921	4413.14422050708	4440.65073955006	4805.41966386042	4202.83980644809	3115.2586232388	4088.75104110743
ENSG00000196562.14	716.809411263802	616.07476170127	276.87747852335	580.65517900952	1110.46190081386	2349.41677141199	631.188621315827	672.709811355767	610.382028398308	658.691656236532	1156.27663380024	1925.32833186694	744.292268321972	734.207608985988	706.493835729092	469.313207835515	611.912487995789	368.983743542279	497.255273657488	868.719969248392	687.677556616866	1154.44234420774	283.573153170855	574.484962501681
ENSG00000196569.12	1273.93314387057	2544.8230706665	1412.44084565476	2060.39474378662	3625.35371955963	4348.06787108104	1975.69402000965	2122.34810885269	2727.80921749027	2732.82920181052	2491.58963366021	2869.18319725055	2123.25492820159	2225.23135632757	2952.63647120104	2045.55342737293	1762.49916355631	1892.47012869175	1616.69101817087	1597.29142764567	1190.91874530158	3377.11463089177	1528.37354604306	3290.8666426244
ENSG00000197461.13	584.112993097808	284.708716582694	1306.24988972237	224.52380552069	573.358355391475	491.341184153974	534.144281957701	266.294951041361	425.209718025969	275.324266350167	600.976047916692	345.257104829859	563.040717479818	548.45393556854	501.978176633317	433.308980511238	454.310088885602	345.190107108518	519.378174735799	358.653490880816	673.130935117366	388.097835355295	2209.55480735295	503.442161504117
ENSG00000197614.11	4750.4016066792	10290.041422377	5655.97130883781	10410.2378771466	11442.9560869996	13603.4894023378	7990.71295239805	11993.960646561	13582.6292904012	14176.6701205521	9886.24279771205	14342.4488804072	8636.32011696051	9534.25184404218	8298.72784474251	7837.5149774083	7160.33758822041	9840.05635491437	6464.32193533006	8829.87831836827	8519.54037652743	15133.4947955698	9165.44128113392	8869.66083066586
ENSG00000197635.10	1299.60567102101	1538.0708259215	687.290249478376	1185.21453161132	1544.54139374456	2730.86128554443	2673.31430192689	1463.19272293829	774.601989680021	1136.55289760777	1001.38369958033	1638.94934428337	1553.32871198415	2442.70287558521	792.957438562305	1286.75275173601	851.792453450046	1345.35646601097	1376.96983460591	1629.01506367205	1665.80112326132	1523.87008622268	272.255061554171	936.351590928609
ENSG00000198121.13	1822.90161687611	2622.90420579404	1920.38424952919	1493.14512009098	1982.59623731459	3775.621053977	1435.46352149308	1970.97970297272	1906.09132940701	2056.9430349528	1729.36475524265	2366.57429614172	1276.29438749557	1357.10614418354	1085.20532075537	1359.199890276	1328.37309644671	2250.86035142863	1489.51576222724	1503.74392139078	1248.0300658116	1719.28082159059	1811.34956120383	1698.35145623305
ENSG00000198435.4	56.7096247682141	49.1070202663471	68.9125666762759	48.7362818473315	53.4197239931465	51.8444048832068	61.4760864950138	46.8979828721448	47.4178792556047	55.1320618836661	55.4632428322642	44.9749101796462	62.2321992806374	56.6482744885397	51.541817016313	59.9704166628735	57.2599397992036	55.3144274826161	65.8623389582595	61.1573119014224	65.6537727084286	45.0111658808692	72.163816264923	54.2984768359103
ENSG00000198523.6	124.031648097015	79.7511705655076	110.287341411417	70.4505951443452	119.77986888138	102.15817960697	88.1602352913142	79.6257048248277	94.0466511911067	70.4505951443452	119.145984355011	70.4505951443452	83.4291786287114	83.7001755509376	88.1212645148999	93.2341147035005	70.4505951443452	84.8855853383582	88.1165584345748	80.3326971651198	153.645318708239	105.707880489446	136.128441704744	87.4581137048503
ENSG00000198542.14	4218.95169150647	1839.86384546283	4968.25763220821	1096.98959259918	7853.19806715263	3113.81385201072	4631.18369274007	2499.08430187505	4873.3048931455	3646.42387575079	6452.62474288057	4702.09766991881	7428.95626407974	6475.25046625711	7210.88242102896	6223.66858172047	4329.89825389405	2111.9286751471	4236.97145743136	4028.01133904032	5817.8804513378	5488.19727680305	11214.9890732953	4158.2070923181
ENSG00000198771.11	85.3232867880727	102.116703438798	112.203652159618	123.452871892168	77.7256756059252	64.0530659015463	89.3297534596395	80.0295604042391	77.6386890137638	73.4778838280451	81.5570519827639	73.8411492899934	79.6193359478309	99.5476152397816	77.6221505534813	64.0530659015463	77.1671992149992	94.6190600629907	102.201584425238	77.8457173668319	86.5791290215996	82.0296984450725	171.549684467854	80.3967268196681
ENSG00000203805.10	511.592900537645	276.039136280635	369.431196240541	302.011223201915	428.179282774062	261.012186928764	458.161454715337	348.168223452848	385.503433814038	379.268851073593	452.245478685905	365.414560307706	430.945882273195	412.828350184919	548.917556502081	581.316284889825	433.993385976011	266.207536285751	521.421787878557	508.547166301208	384.863711377692	420.652354924854	247.502325086058	453.627244653704
ENSG00000211448.12	410.625192243243	420.459333529643	238.950158313468	173.604546393289	452.315099451528	243.610169284558	373.552760105669	209.861064216188	302.758351973972	161.513317641803	627.044454854264	311.969059452294	274.662020035703	276.323102195944	311.203445101005	518.481119215137	233.056534781446	239.944915818788	713.209112444905	355.737567454568	467.455815924411	289.077918721887	1110.16423087314	217.688301833787
ENSG00000214357.8	307.884952536691	247.183286409777	324.09091751438	244.002551578337	214.024676712414	191.019649399862	359.039735202494	396.236318279429	375.326838782808	317.085695649598	293.077013394677	281.658179080017	257.770745696703	221.352509586434	344.053499659519	320.49496008787	337.73183663638	196.193877742815	385.993685191398	361.971927468553	213.44256750413	226.962527728961	307.442693219533	108.77923014873
ENSG00000214548.18	12983.0754433027	9574.44402190682	9147.97882299615	7776.4864802426	10949.1811695261	14399.6622132482	9278.19289182421	9269.57559605641	9718.45431341397	9186.05662585729	16459.4026707276	9826.28934437988	10936.7550375058	13780.2607232652	9970.7509916061	9612.52480020692	8712.73613089963	8425.67522535723	9662.15041575006	13218.0096701707	8731.50374609215	10651.0517787566	9950.68235713272	15066.32671542
ENSG00000226445.2	3216.3272637266	5340.13944370345	2183.10704735599	1831.19772136304	2938.5197316313	4201.31639021932	2371.941982047	1513.26897866389	3527.94103334045	2062.2913611006	4582.57486526256	3391.31045740213	2530.49488908562	3659.76495497251	3042.2939736701	3857.92556907693	1890.95222742317	3561.9408242455	4300.81052461244	5446.07321077909	1827.8401321438	2947.12290177914	1989.0410391054	3125.72009277429
ENSG00000227051.6	1871.76245242651	2350.55082859532	1069.50526512012	1764.69925630489	1517.43705333934	2033.802151639	1380.51511834306	1968.25909881757	2472.84123171656	2499.61948952755	1323.00225019914	1539.35509118537	1109.73838035056	1489.90430373584	1016.21340515443	1166.61432134211	1212.09748188127	1701.74793545495	1026.61379792982	1235.78053170948	1201.86424346106	2000.54425112837	687.882147477089	2027.05683998604
ENSG00000249669.10	946.835049614293	899.000758471858	1030.45233448785	730.716289545777	891.46121468492	918.775966358415	639.445644737949	643.471083228755	724.972054522017	620.682153464192	1407.66009438228	740.475302334627	661.971687907334	629.266993572554	714.728511267262	500.367397694345	608.346916963361	681.974124555034	573.412406297915	734.609105507847	597.65528081158	778.068016549524	1383.20962893835	1474.05517710759
ENSG00000253123.4	48.5536230883866	42.4648640304977	57.053057048704	48.4366706943409	42.4648640304977	52.1016221373965	50.5324209475257	42.4648640304977	48.9399784640344	42.4648640304977	62.3326327264119	42.4648640304977	42.4648640304977	42.4648640304977	42.4648640304977	42.4648640304977	42.4648640304977	42.4648640304977	42.4648640304977	49.0363707443287	48.8883261297993	42.4648640304977	72.2660944694168	51.537515366014
ENSG00000255248.9	2696.47168135106	1926.22911779851	2713.32387331062	1865.54911706104	3095.53580610732	2823.82998212565	2457.09475035174	2038.38679996974	2601.88246289931	2113.23399554013	2901.94842617926	2192.23466844163	2614.16551631888	2638.44307342611	2517.51519054554	2322.81748220208	2109.83242312229	2387.23037640566	2540.17065114653	2766.79767062459	2752.2845419426	2623.28452798411	2586.20531582607	3191.30570500066
ENSG00000262655.4	2566.50079768961	3477.45586531308	353.203486978222	1254.23804232103	1654.5117793281	4827.8120453086	1090.19774355379	905.274447344988	1268.17684738741	884.551845864292	1680.63226693135	2981.87548471568	782.547884481195	1168.76625305202	961.661769279733	988.017445821931	781.773758917431	1576.72866137243	1109.25259085524	2050.80759109739	702.628050796025	1469.20803224519	212.739665549655	492.316934451568
