NAME	S1	S3	S4
ENSG00000000971.15	8515.74939753038415802	5925.42740185965521960	1559.55873683100526250
ENSG00000002933.9	1248.77601717021980221	685.16114852083160258	60.40639169220450810
ENSG00000005884.18	86.83568523021074270	244.90931270091911642	1847.37469039739903565
ENSG00000006747.15	41.93165053316313617	80.45700882935278742	770.26482821197600970
ENSG00000007237.18	2333.83619214394548180	1148.96396842148965334	36.89713795609769420
ENSG00000010610.10	26.13050117889705248	51.80529507141768875	1173.47288368562999494
ENSG00000010932.17	764.32832557831272879	147.02207430711200686	18.50442791568244871
ENSG00000011422.12	1940.10051151901961930	1574.42127011225034039	522.02951282210381123
ENSG00000011465.17	177487.81638785605900921	139916.18600626991246827	4206.00963628252611670
ENSG00000017427.16	2506.44424090079883172	1534.35136673444912958	43.07756325941804221
ENSG00000018236.15	264.59166022723400147	103.11746672918002332	14.71110415486949563
ENSG00000018625.14	20.22503805351560757	13.01899055610369871	198.35231535696749461
ENSG00000038427.16	24873.24355053000181215	9492.94048632478370564	1331.76467116646472277
ENSG00000048740.18	1822.46216711470424343	1489.72951608875973761	144.15737100065695131
ENSG00000053702.15	74.84501960759465078	56.53689579771339169	726.37269762131063544
ENSG00000053747.16	60.71154238525504354	81.54849447643499616	902.78720559490045616
ENSG00000058866.15	23.22426613364009640	42.11024278328050485	543.44481995301180177
ENSG00000060718.22	1413.84511521678973622	140.32291346239094310	23.11817106255000809
ENSG00000064205.10	2712.79279316444626602	1115.58661213109098753	61.76576691036349587
ENSG00000067798.16	642.03517998721895310	316.20821557342605956	39.65969024748103777
ENSG00000069122.19	58.98466602756684551	231.74331499226397568	2954.38350498319050530
ENSG00000073756.12	670.28486249065281299	325.15999299464783689	39.06129278474934097
ENSG00000074181.9	650.26120034005793968	916.29290211930685928	11116.11052376904990524
ENSG00000075223.14	2512.95556380952893960	1060.19862883974997203	165.98488487614952192
ENSG00000075884.14	30.70929500896174957	48.73442841031821615	408.49445707398552941
ENSG00000076706.17	88.20854752433621115	318.64299841207696318	16285.91759424124393263
ENSG00000077274.9	250.71072437789251808	106.92960873687199808	18.35265675479260850
ENSG00000077942.19	30406.77489700744263246	15761.93067608189630846	2072.79992009044963197
ENSG00000078018.19	74.92593641934993798	67.60952810132131674	622.60098672507888296
ENSG00000078098.14	6648.38857684587128460	1942.06222343777812966	151.77296793578196343
ENSG00000079257.8	703.91638119136746354	514.50275060871490496	97.04729821094062459
ENSG00000079931.15	530.83847910549332028	187.54998771217805142	45.27479128057879620
ENSG00000081189.15	260.95351021996418694	487.33671559607540757	5307.37222814862798259
ENSG00000082196.20	1411.55253168377566908	305.11598585636295411	21.36816831711504960
ENSG00000082397.17	800.47533531126805428	531.64890423479005221	37.02423439982328546
ENSG00000082684.15	19.86557255107329567	53.08691784463992036	906.48260735223561824
ENSG00000084636.18	3986.89955487645056564	2156.70649406124039160	740.33597831652423338
ENSG00000086991.13	740.62854299884838838	159.67119739096497710	21.97080295975689879
ENSG00000087245.13	60496.24454332537425216	27988.37446985422138823	846.44921935136449065
ENSG00000088280.19	1343.78733447303557114	872.38588120388942571	142.96806043706200740
ENSG00000088882.8	1942.98418821805034895	1337.36514710488995661	173.81382638152501841
ENSG00000091656.18	2642.00834487349857227	1353.78924804416078587	202.87718665554444897
ENSG00000091879.13	205.50526788754945073	131.61957643931100392	1826.10151192909529527
ENSG00000091986.15	48795.38501493371586548	24813.83244303120955010	2966.35674695228044584
ENSG00000092068.20	557.38364537114171071	264.33562022074096376	31.31151101974884199
ENSG00000095370.20	26.47682761052030287	56.63163542494567082	265.93897133179098091
ENSG00000099139.13	1222.15099668816947087	623.64054641022244141	52.84040777992323967
ENSG00000099953.10	1814.98168960958923890	244.17010585559702918	295.72911829754548307
ENSG00000100196.11	2509.75133315742868945	1629.88622047528042458	317.79304870102441782
ENSG00000100311.16	18.15324577060799527	17.93990854262199619	196.45413649274746604
ENSG00000100767.16	815.67397038738090487	631.76454936561128761	96.27359325831486103
ENSG00000101605.12	49.03661093157305118	126.44450231179897060	702.92088689632066689
ENSG00000101825.8	8247.54564168484284892	3873.55501156693844678	782.28930601517015475
ENSG00000101938.14	3672.75858590761436062	1862.96870074695993935	64.62623502819275245
ENSG00000102359.7	3867.65538257842308667	1544.07606242456063228	437.61745691151116944
ENSG00000102760.13	469.62341985565478808	213.35637335310408957	34.14891341872900199
ENSG00000103175.11	20.90173442787025948	38.60638519708298588	543.66274846715691638
ENSG00000103742.12	436.73496083687575720	272.06889884961083226	16.48127145715134390
ENSG00000103888.17	463.08767871919633308	245.17235621152303793	79.75145199072949254
ENSG00000104213.12	5323.21996881264749391	3271.89359755888926884	133.41257196204549018
ENSG00000105664.11	1363.33151555301446933	205.01089953455300474	33.35560927758090344
ENSG00000105989.9	1536.53074499071544778	431.40471798923209690	32.05521407729460037
ENSG00000106066.15	290.15611073111165297	227.50957030135694481	19.09286563872170106
ENSG00000106366.8	12362.18970097565579636	6437.26178073678238434	2364.90670158031934989
ENSG00000106483.12	13867.09314053139314638	2199.62659621285911271	80.58703602055908277
ENSG00000106809.11	2765.88270027803446283	1647.52375453524018667	93.69063909339428164
ENSG00000106976.20	642.21877444097799525	288.31574124679207216	53.89786567391749372
ENSG00000107317.13	1338.96728773948007074	535.69708241569765050	35.09196790936259447
ENSG00000107562.16	6999.91245896855525643	6498.37852832618682442	383.67202909438742608
ENSG00000107796.13	6905.13091261118825059	3282.51771174138730203	77133.73692493476846721
ENSG00000108387.14	224.72235539733298992	285.04231396889304051	3000.25934779473391245
ENSG00000108821.13	235753.66081477189436555	138261.64974453917238861	23053.16461664553207811
ENSG00000108823.16	28.13718747456790226	79.11561390362609814	380.96521308872138434
ENSG00000108950.12	1345.77993780829456227	718.81535217144244143	52.17006364030251575
ENSG00000109099.15	11291.74457066409377148	6393.26052588806760468	2636.95037873920409766
ENSG00000109452.12	194.54924748968090853	254.51049961454893378	1913.10965808151536294
ENSG00000109625.19	895.63111353277304261	156.54484244668509518	40.68928118100289026
ENSG00000111348.9	408.74900897232646457	830.01943211646971577	3702.08375832675574202
ENSG00000111404.6	14.97520441018489556	28.04209073200999214	527.69881034193463165
ENSG00000111424.10	669.99029826105333996	311.04049160974807364	47.18188976554884562
ENSG00000111452.13	536.59610077201978129	289.74868706117325701	44.10321167542930709
ENSG00000112214.10	21.90688253200740832	38.19948504827809899	580.81389295917870186
ENSG00000113083.14	6736.39950107268668944	2235.19896810774025653	129.95380688892583976
ENSG00000113361.13	38.86908212589180778	130.82217694427407650	5048.07976589499321562
ENSG00000113657.13	5488.04639566211062629	1903.18720334417912454	116.05969212378252564
ENSG00000115380.20	18537.64320182424853556	17692.83988241201586789	1022.90259170524063848
ENSG00000115525.18	771.60585669968259026	585.94690410758380494	46.66800817416654468
ENSG00000115884.11	516.97071072858796015	119.97879596161500615	31.95866249194589770
ENSG00000116690.12	807.97763470322047397	186.53882051021403754	44.10609645208559471
ENSG00000116774.12	6767.82912783053416206	4739.24711674280206353	1432.36686414868518114
ENSG00000117122.13	4334.15693418639239098	1690.19027560834024371	81.74442382088150794
ENSG00000117143.13	3484.03752612469452288	2102.39224836670928198	427.28094978672112347
ENSG00000117266.15	26.39648147420005131	38.11197348897679404	273.52540932841606036
ENSG00000117643.14	602.76671686071597378	579.33795932845157495	33.88110323854705541
ENSG00000118729.11	19.50247734316869952	38.85026200191949641	764.45487434325411868
ENSG00000118849.10	521.93582169068224630	171.45121835246993669	33.29585217669519182
ENSG00000118898.16	950.05219254506266680	777.10043105414456477	68.07884999729228070
ENSG00000119630.14	85.11684797323442808	208.24152387829806798	1449.79729145587953099
ENSG00000120594.17	4687.28534946689524077	2215.01872347452945178	104.55939866468713717
ENSG00000121858.11	1070.63628505140013658	605.10627822034257406	159.44975353904806070
ENSG00000121898.13	1253.95365688898027656	581.66385716663080530	43.52535120251089040
ENSG00000122121.11	356.75253006301187497	283.00108231691001492	23.05750471514920008
ENSG00000122367.19	18.56089662245708993	35.55580424469719958	804.58649953805934274
ENSG00000122420.10	714.31341202316002637	297.48323579792895544	28.42718959246341015
ENSG00000122870.11	5811.47313974986354879	2627.89258744436983761	460.81900351123874771
ENSG00000123095.6	302.01929076139140307	201.38951725510887059	46.09164561132199367
ENSG00000123500.10	906.51534304697884181	41.84888205912410797	13.82792703078884955
ENSG00000123610.5	3485.49156697213857115	2033.44242474342013338	671.03860065100548127
ENSG00000124212.6	5435.42583217694118503	1977.70026995850093954	92.14368484174586627
ENSG00000124343.13	981.39719981513962921	359.19033873765397402	32.15827320858993232
ENSG00000124491.15	194.49499680445302374	40.23127504552559941	11.59734349653029994
ENSG00000125730.16	42013.90310860377212521	33167.18119505003414815	537.04178481099904729
ENSG00000125895.5	15.08143555653739654	14.87374443642119992	140.52807353452746497
ENSG00000127083.7	1215.33410519505946468	750.48560282012510925	23.25510744890645043
ENSG00000127951.7	1299.22993824497507376	746.97346874366985503	26.29650407504849952
ENSG00000129009.13	13385.14623343735729577	6384.05523926988553285	1536.60568750178936170
ENSG00000129038.16	1238.93967895571495319	615.73573591349963863	164.84443169921897265
ENSG00000129048.6	750.79359642460178748	286.06367112931781094	27.80751459837259532
ENSG00000129244.9	34.05329666819380918	44.50758741718110656	463.44815886107710412
ENSG00000129596.5	474.12511748322594940	312.67314653630205612	23.29575062303939603
ENSG00000130032.16	198.61701756457841839	133.01326883863595185	16.23062488933239678
ENSG00000130037.4	18.59109396725700236	18.89135665395388841	279.69155254763745688
ENSG00000130592.15	2371.59736432763429548	1214.54827077383924916	102.84453225331272108
ENSG00000130635.15	12615.27054823270009365	7170.63679858543582668	2545.13034358251479716
ENSG00000130702.15	124.87455206312549194	192.28024393175905971	1126.60274415168987616
ENSG00000130755.13	34.12551977379070678	70.08167369282969617	537.97069011749249512
ENSG00000131055.4	20.33073378185560642	44.45802625610048864	928.12874766079221445
ENSG00000131097.7	14.36345058937100383	24.52209468716720053	1181.89515811034016224
ENSG00000131370.16	1681.35536638841426793	871.72596443085274132	108.63164256894148707
ENSG00000131386.19	1227.81613943838920022	457.47403916567014903	27.46577949528940010
ENSG00000131389.17	657.19488925723135253	294.63867853103909056	36.96971639162420331
ENSG00000131459.13	4064.30037971764750182	2028.16989898676888515	154.38258041928395414
ENSG00000131471.7	86.28014928272119732	123.93107087829200452	1700.88083058963024996
ENSG00000132840.10	721.55225422178818917	510.61244981033723889	35.51849189267045404
ENSG00000133048.13	967.73113086828163887	172.74669374602498806	37.54629715500844611
ENSG00000133110.15	25891.10584840369847370	7384.01933440710672585	1683.58676023365933361
ENSG00000133392.18	72.14710235793884863	182.47940542253698482	6218.77641373135702452
ENSG00000134121.10	519.31856227330843012	202.46993088961210105	22.14886564847149941
ENSG00000134243.12	347.02584903396154914	911.89535971844156848	4211.72193389108360861
ENSG00000134247.10	2623.65711141364045034	1829.44692319037994821	514.60840618967483806
ENSG00000134853.12	12162.39916344124503667	8509.00031720352308184	173.08896392399898900
ENSG00000135218.19	269.39489783379843857	849.33636943849273848	4846.81054418606800027
ENSG00000135318.12	2589.38629467029932130	1657.93552774377963033	259.60016763384453498
ENSG00000135424.16	73.40490678424890802	109.72844419707894303	1888.60357832910995057
ENSG00000135547.9	53.65076930260104859	32.40766795121700738	448.65251766778942510
ENSG00000135678.12	113.10476363762553831	268.02804654119506722	1860.12106879677503457
ENSG00000135919.13	3992.21775976405069741	1863.66254520894881352	236.27367107067496477
ENSG00000136040.9	633.44669643479835486	223.86404632155708327	19.53789667716935696
ENSG00000136052.9	706.95285781745383247	309.47939522240704946	31.26377314537624841
ENSG00000136068.14	2682.52970015980145035	1435.23285351967024326	243.82138554321892343
ENSG00000136235.16	15971.08747128249160596	10319.36933560530269460	2821.24780391836520721
ENSG00000136542.9	376.23272833106312873	108.73968592963603896	28.47978965212034907
ENSG00000137558.9	30.38567729045360011	31.90002941257041869	1277.17122271081075269
ENSG00000137672.13	23.99227820635339725	33.89133066880600609	819.61823146550432284
ENSG00000137745.12	77.31143554847058397	24.29937197795159776	9.36924064989378991
ENSG00000137809.17	3803.82368982736988983	1395.18853591481865806	155.03609867649453236
ENSG00000138061.12	5583.72565879685316759	1868.90233271639044688	101.19370755347115676
ENSG00000138356.14	1264.77414326659982180	692.33281164717163847	31.90660730485919672
ENSG00000138615.6	6559.80237366239180119	1228.51472703172976253	25.13850375879905030
ENSG00000139174.12	1230.22413440499985882	863.69689995839235053	45.70818177097039126
ENSG00000139329.5	80316.87208683305652812	40091.18647286721534329	2135.15447725853937300
ENSG00000140092.14	8928.79580088640796021	5694.77664298395029618	134.44568600674205072
ENSG00000140285.10	6212.54302414814446820	4293.86114275095951598	304.57404961376653318
ENSG00000140937.14	6650.03260141292230401	3113.19624481655910131	1444.38002856717525901
ENSG00000141052.17	25.25063193711630660	27.01560727928928429	518.25637067331444996
ENSG00000142910.16	77.61981775407048190	371.64589426129401772	4059.95308639802624384
ENSG00000143196.5	15757.33718350955678034	9906.76750918054858630	126.96724110547000919
ENSG00000143248.13	100.08866540206352624	263.64162611077290421	16498.21860816294429242
ENSG00000143320.9	2464.16676963647296361	1555.88029136876980374	152.33865905758850090
ENSG00000143341.12	2940.90728370030092265	943.39755231917808942	76.69090984282036061
ENSG00000143387.13	32972.45053328364883782	16157.93574031740899954	2071.65462242542935201
ENSG00000144810.16	5123.32327188330145873	1232.79787513291898904	120.69677271168706056
ENSG00000144857.14	1960.25234595263418669	1585.58994046376096776	198.02021922929304765
ENSG00000145147.20	3770.41486026522488828	3265.59471939042077793	518.12958366748432582
ENSG00000145423.5	15906.53447078515091562	3486.30606596610050474	106.47802381460991228
ENSG00000145685.14	2071.14290098140327245	1191.73604041387102370	274.38442487020597582
ENSG00000145824.12	2333.84895592160501110	1419.33115382181017594	179.69313026450049620
ENSG00000145936.9	64.16548193681299495	116.59611463265902387	783.70481976629548626
ENSG00000147257.14	3100.01072140457927162	2296.02612244232796002	139.78016117010650987
ENSG00000148344.11	2414.61217765031597082	1169.31821469278997938	60.22074338547156458
ENSG00000148671.13	671.74122023341442400	1561.03931169336897256	6742.87493135730801441
ENSG00000148700.14	6437.35800669580657996	6584.52521194665496296	976.39433699017399704
ENSG00000148848.14	4034.26967324123143044	1569.31405967713885730	606.44005426146463833
ENSG00000148926.10	2486.04957211991495569	1358.78470832266975776	167.39716538824302461
ENSG00000149380.12	482.65710808515700592	124.78452155454101558	38.45604513193301699
ENSG00000149564.12	26.07896014015260278	43.52833958425249250	1002.28235557546884138
ENSG00000149596.6	27.87447388583170138	31.80558438772160557	343.70620376194699475
ENSG00000149968.12	389.09214758138546131	42.58186214483791332	27.95161523424069472
ENSG00000151320.11	23.02135154717210597	22.83830683380449500	525.15133292153075217
ENSG00000151692.15	656.57876668221081218	205.19648764338990077	32.20607860427324454
ENSG00000151892.14	1025.46546990297792945	827.00255246306141999	44.23148200958760157
ENSG00000152377.14	4185.07812060600917903	796.06953770592849651	66.20422684451546047
ENSG00000152580.8	912.19576158530821886	698.21030743550932129	59.65953925104530242
ENSG00000152661.9	3832.10782691111944587	2624.91736537373935789	131.94914126455805103
ENSG00000153246.13	905.31101321761639156	517.24602158498180415	160.97334898034210937
ENSG00000153446.15	192.74670366783405484	126.27739372855801037	14.98296500399809794
ENSG00000153707.17	477.00885283548120697	234.62541357662587416	24.64301695199169728
ENSG00000153823.18	625.83831310928189851	571.52573511951948149	35.49153299065199718
ENSG00000153902.14	53.06700330479694117	89.00536311073999229	555.95941721220765430
ENSG00000153993.13	307.66201880151430714	169.02937461796986440	18.59345990373750723
ENSG00000154175.17	11014.20941167694763863	3903.15753869392756314	337.88150058951288202
ENSG00000154258.17	1615.09648579329950735	963.08767441820418753	37.57718442420919303
ENSG00000154262.13	3455.22120600896960241	3302.37283782147824240	68.56135362868516836
ENSG00000154263.17	1043.81373010225979669	666.13159109885577891	21.45062259424720352
ENSG00000154556.18	149.12660402835700779	247.10016493704009122	2479.67979730966362695
ENSG00000154721.15	581.07128284877660462	298.04133245503987837	23.07745821152920485
ENSG00000155962.13	426.84555941814335256	362.05031064183924627	26.79773255181694935
ENSG00000156265.15	181.00024987309097924	181.93558603693799114	2606.32341830018413020
ENSG00000156453.13	35.97368228338279295	44.04996370971879571	758.34593392247734300
ENSG00000157214.14	1258.90427592899982301	586.77175935329682943	53.09473728003359838
ENSG00000157766.16	33.41136841592110329	31.19352729739220464	1708.74261129784508739
ENSG00000158270.12	1922.06216187120526229	1197.66188584566066311	34.63624486386153478
ENSG00000159251.7	30.13849836855818864	63.47375147036976983	488.95332419746296182
ENSG00000159674.12	2829.18336717208057962	1212.85745695902073749	244.17412051851488286
ENSG00000162493.16	1147.14966292741519283	363.28373863488195639	26.80441896909475474
ENSG00000162551.14	403.68306858759507350	125.87315633824906058	34.15561928110373913
ENSG00000162804.14	2012.71236698720463210	1421.07069549597053992	196.68656810853246952
ENSG00000163017.13	36.68636786227994406	137.92148863581604701	6765.54658765109525120
ENSG00000163359.15	88856.94339844021305908	46109.08602558613347355	9109.97285329059741343
ENSG00000163520.14	14304.88402858965491760	6835.90574912631564075	1775.12660319254518981
ENSG00000163531.15	54.97867204324755619	143.21828496084202698	2939.24049062482299632
ENSG00000164128.7	35.01560872267624802	73.86772245986409757	580.91565468467706523
ENSG00000164220.7	230.54208835054498650	49.32787798910610633	13.92055416858180372
ENSG00000164294.14	3101.06124902327519521	2639.23501653676157730	626.79331940284680513
ENSG00000164530.15	4416.30498058020020835	1616.29702594779996616	39.57901118593210299
ENSG00000164647.9	1059.27006341279252410	622.79588952942651758	23.92410652677305194
ENSG00000164694.17	2409.20848493627909193	460.31805869690526833	67.35496008990074301
ENSG00000164932.13	5735.92524048786799540	1782.05525017186073455	66.55672635234238044
ENSG00000165092.13	1430.37012157365461462	1054.07149136170073689	31.51681144364254905
ENSG00000165124.18	6962.09104279432904150	5150.10762440503367543	598.66401593193177177
ENSG00000165197.5	680.06766855945465977	1000.32337135906993808	20.58539262645594903
ENSG00000165474.8	244.87708248901759589	55.95977622968278098	22.77420177530929379
ENSG00000165757.9	499.03127993706027610	175.48064302884407084	32.02240375005145268
ENSG00000165959.12	117.45319448301198406	445.28307538999581539	1929.85037728997031081
ENSG00000166033.13	14012.44129461445118068	7649.32124761872364616	2085.59921103530950859
ENSG00000166147.13	26107.10041115945205092	11739.52146783460011648	4073.44372468830033540
ENSG00000166148.3	27.34302286741689869	89.16769012112180803	845.50230117014939424
ENSG00000166250.12	3730.59058089220752663	2991.90179703436933778	120.79188365652547077
ENSG00000166341.8	509.02340166736348692	218.60319579299692805	25.83943187445300538
ENSG00000166923.12	1780.90164798372438781	554.28966973638864602	76.48800553806339053
ENSG00000167244.21	1581.69005949972461167	654.86319808670634757	75.53922844293424532
ENSG00000167332.8	15.61342344606749855	16.89787078291800526	267.90766357894847260
ENSG00000167641.11	34.53849167325060421	47.75992048320957650	413.09531333790232566
ENSG00000168079.17	1809.28396872237954085	576.02321037884041743	27.83374642321075143
ENSG00000168398.6	494.14207650011542228	294.72974602882294448	35.19465328565170381
ENSG00000169071.15	514.14617288899739833	208.50030695720195695	32.18522899643819812
ENSG00000169116.11	186.03678808321700444	342.99531594022766967	3604.42087287437061605
ENSG00000169507.9	14.83941836936709890	17.79041805839649726	366.69359237935572082
ENSG00000169851.15	998.51134671162526502	389.87594583651309676	69.44061636960005046
ENSG00000170323.8	108.16964804854100635	285.67996103855597312	1580.32597548493004069
ENSG00000170373.8	50.51951778317139485	27.76459059464099255	10.95824662010520356
ENSG00000170412.17	53.22777636254754441	89.35995595577351480	772.80441935823535005
ENSG00000170624.13	1870.26951895732008779	757.54926543319845678	37.26261136554865772
ENSG00000170801.10	2239.22260100414405315	863.71980175784426592	66.27073553947360551
ENSG00000170961.7	1262.04779566249521849	417.40467738587727808	47.02401282387919679
ENSG00000170962.13	1791.43669473029012806	707.42570188375850648	34.02853350826595147
ENSG00000171812.13	1070.53390030913033115	448.76752285614196580	40.30971204601611646
ENSG00000171840.12	400.92549141171275551	145.87669536382904312	14.17148878426069558
ENSG00000172061.8	1253.93480880184006310	115.82884150003997092	15.05629267946610028
ENSG00000172159.16	29.58613094920514186	46.52872660233830970	285.03676200464099111
ENSG00000172260.15	1488.79320148529495782	1074.78418756104906606	42.51479962918690347
ENSG00000172986.12	638.26148720769629108	332.02441115082399392	31.70042921070259467
ENSG00000173068.18	2303.54498742922396559	812.53166345368970269	91.14295667178112126
ENSG00000173267.14	48.41902631535064927	70.86097115220687215	236.94879471912554436
ENSG00000173432.12	71.74220246585338145	170.08429089540800305	460.93066795212507714
ENSG00000173546.7	196.04007307848544883	306.41809701504990926	3531.06530383016979613
ENSG00000173705.9	49.18245753291090239	90.19399073950280865	479.75775613537246045
ENSG00000174059.16	1170.70151611113487888	832.22094869559282415	70.97759440544234621
ENSG00000174348.13	3344.93408808359481554	1671.12715430335970268	180.28330754711595318
ENSG00000174944.9	17.61187023890619585	26.01148440820600527	246.14589571174499838
ENSG00000176971.3	2062.22645237592496414	857.88435013758817149	72.16452263384579169
ENSG00000177098.8	32.05489770389588955	84.02071999816553216	484.16021663034712219
ENSG00000177464.5	17.69328213307170117	21.23917005355669119	498.48048192590078997
ENSG00000177990.11	26.66695623479034793	69.13489729363591607	692.03468446513943491
ENSG00000178031.17	1369.73164876939472379	324.98387800824207261	44.55995499554699535
ENSG00000178878.12	68.35857078308958990	170.22014761251995196	3287.36871407810940582
ENSG00000179097.5	16.97143904624820010	24.94744922860899905	211.81555090109847583
ENSG00000180447.7	2134.44442997886926605	912.88750835371388348	79.99025700818818052
ENSG00000180616.9	32.65071911487684986	39.33725508202658716	405.21501874827595202
ENSG00000180785.10	13.09801483905939889	14.72887489209539780	1283.11279853830546926
ENSG00000181104.7	2366.84123438595906919	626.62712117872058570	239.12284951442217107
ENSG00000181458.10	1306.98727493529963795	633.62228713240972411	169.60750057205058283
ENSG00000181856.14	17.54096470420029519	24.80010224400319174	194.81765932552747245
ENSG00000182253.14	65.15394342592031762	114.50771623662100751	894.09388268695329316
ENSG00000182326.15	61778.79694916423613904	35419.86641476558725117	8582.73114244315001997
ENSG00000182667.14	679.65477574051328702	192.71505172131799100	49.15722530024973480
ENSG00000182963.10	127.10597213708602737	134.13463458133404060	3391.45674196050549654
ENSG00000183023.18	65.09375791622083796	78.69259413976237738	692.34188383349885498
ENSG00000183160.9	2289.11526825628970983	1317.91183438464963729	203.23182650125050941
ENSG00000184060.11	20.15490618092220387	33.31619806031100239	737.82392345154767099
ENSG00000184254.17	1424.85348449554021499	728.80285578700261340	44.42711479686349207
ENSG00000184489.11	50.34687731333973204	112.15956190514197033	1128.04307304216445118
ENSG00000185070.11	1434.14465629492497101	724.98098177759857208	59.51995860190653787
ENSG00000185339.8	1102.62172624923960029	922.19975141447037004	110.28358837292449834
ENSG00000185565.12	254.09838802399099222	52.11131343527799231	14.90008837789465090
ENSG00000185567.7	2373.43453621390472108	963.90646091214796343	46.41343836338805318
ENSG00000185633.10	55.44029946937298803	216.28376861331909708	5307.61996637773245311
ENSG00000186340.15	14503.07452098165958887	6874.10583924433649372	696.87267961096722502
ENSG00000186847.6	33.20562834675560993	22.19956236461300492	348.36276722417841256
ENSG00000187068.3	59.86314335842151024	105.73050608407201878	468.11373477148151778
ENSG00000187513.9	15.77518897927710029	28.25008235684130753	1269.78273716350963696
ENSG00000188042.8	807.84248049422285476	261.35579752203000226	83.48565985592676952
ENSG00000188257.11	1981.56072299441439100	883.38191276124598517	52.57847463313389369
ENSG00000188643.11	4276.34754302890996769	2100.01603698886037819	199.11290413338505800
ENSG00000188706.13	1906.19480177013019784	1145.32010469164993083	183.50762222120502543
ENSG00000188783.6	5939.59807707492655027	3168.48036232181902960	955.90339583003208190
ENSG00000189058.9	28870.62666345727484440	21034.53943469728619675	1410.35891647172547891
ENSG00000196352.15	2854.23341407930365676	854.46586654791110504	480.11615668398587786
ENSG00000196557.13	32.86094214425830273	35.32399252948369650	391.68578080747306558
ENSG00000196562.14	1838.47602683153536418	854.03195988754657719	196.31746954961641904
ENSG00000196569.12	5559.08754083335952600	3310.39609597138678510	56.40742989071864599
ENSG00000196616.14	4845.37467727239618398	3293.10166665315682621	131.31548254004800924
ENSG00000197461.13	225.16148592138301865	191.79635527814187412	2541.98034445867415343
ENSG00000197614.11	14410.80689597630589560	5331.56033549747189682	103.30954202138397591
ENSG00000197635.10	1978.06895302150974203	381.78087115842208732	41.74796992963340614
ENSG00000197971.15	794.70907168711687518	557.64697419621415975	49.36430695847083427
ENSG00000198053.11	1194.24186159501982729	833.28672895631279971	86.72766635551469960
ENSG00000198121.13	2507.63424956332437432	1613.96485076221006238	49.44196163920429399
ENSG00000198435.4	18.53385332601855140	26.07948414988780428	331.18042313326986914
ENSG00000198523.6	55.05255192252793250	47.72373644380799362	1135.48268546972985860
ENSG00000198542.14	3273.56486694567956874	866.96771787600084735	133.06567720498640028
ENSG00000198626.17	15.18784642937199969	14.39419241008969941	190.72938622693396837
ENSG00000198771.11	22.72215636938539873	36.36623312761911109	884.49179533207257009
ENSG00000203805.10	189.09392670115249757	43.86932169509388757	17.06678017910739698
ENSG00000205517.12	24.98327835334849567	39.95915180477300765	274.43994456518845482
ENSG00000206384.10	368.68618181908237830	221.51929237568597841	18.86121239969450514
ENSG00000211448.12	735.83775606606855035	211.82623112548404265	22.32072997672260328
ENSG00000213160.10	71.66082073313913270	136.16806858903493094	917.76610452264571904
ENSG00000214357.8	31.09876496156949344	72.35668318149828337	1069.08605266088488861
ENSG00000214548.18	21310.15696114434831543	11400.52471873798822344	790.73326407791591919
ENSG00000225746.12	500.01776480145815640	392.55231363378879905	48.31807462901639383
ENSG00000226445.2	2988.63124664230463168	1128.44603026607046559	170.93791891958159113
ENSG00000227051.6	1387.88349783963531081	992.01946310967264253	37.04318274618579920
ENSG00000235750.10	158.83554360852195941	272.64917286647300898	1062.82558446165967325
ENSG00000248441.7	25.19424482102889584	44.69394971688899432	278.53765450972161943
ENSG00000249669.10	383.71757047796131701	474.93167173056554020	3805.72435713056029272
ENSG00000250620.2	13.97760900370700199	14.60061047891349872	168.46349894450446527
ENSG00000253123.4	19.33894250550919125	32.12971021497021695	296.53562861577341891
ENSG00000255248.9	2125.53339264460919367	1533.56335522289100481	78.93242899701843385
ENSG00000262655.4	1949.03895319903972450	263.12342545011904349	39.20839198533555248
ENSG00000272573.6	26.81160588434854475	101.55315657704899479	1424.67857064772965714
