GeneSymbol	4033	4034	4027	4028	4112	4113	4116	4117	4214	4215	4315	4316	4340	4341	4344	4345	3532	3533	3536	3537	4299	4300	4722	4723
ENSG00000005884.18	661.60571196899	413.066369468231	1633.76612273886	584.378083290404	569.621893050802	197.279472780404	747.116787270656	341.24516467277	621.208948011191	469.949345864764	816.872650945602	314.590938554115	1048.4415534625	795.330979939253	1062.44310802129	1235.13632984764	735.405529582005	437.13294105868	919.477320533542	607.591143311727	1196.97752081042	607.357692207702	2579.4829811987	1308.82583092782
ENSG00000006747.15	86.9626878519074	107.192555085637	116.024731185895	93.9181338376379	118.125025096456	107.185019497435	117.138424763442	114.420016046477	104.727869614379	133.714927073942	99.0104135658007	140.597324427517	81.9760641045531	79.465871336762	76.4591596169163	91.6279860001497	76.187931923462	98.7358119323015	85.8286691843763	88.5382054548799	88.0539319373207	93.9038367056194	129.274116101116	374.540162551701
ENSG00000007237.18	546.823257063438	1344.52567118529	392.341750522409	1260.62105670679	1047.86906679698	1477.46231129473	834.352164335193	1033.2213586505	937.392312753792	1368.84248635001	398.916489265454	731.398038753753	604.635172410385	630.443331215693	546.900388522075	524.594138460814	644.85197360522	985.780361728455	676.108496317121	1199.2697106981	473.41061941263	865.239838096519	261.768339578665	1397.79014923803
ENSG00000010610.10	190.474588408656	56.7486126766528	274.185370553578	56.4029716370639	74.2430846061327	69.082820714171	127.332523741638	64.9500966555484	159.770025898122	46.8455152576196	144.387835584402	62.9336312910321	68.6890285801769	58.2315715880572	67.368728753652	61.618673787549	82.1211630556199	62.4640522712881	90.3602193349994	62.384976883238	67.2160648604094	65.9569849828968	498.415266029183	100.383976948056
ENSG00000011465.17	18883.3044666393	36035.1549606314	21192.2925592325	25468.2965738379	51667.5349872433	89805.9592031219	29158.5287402515	41788.039880413	43802.677126443	40045.6174494393	38356.1472675255	61536.6322085275	27274.2389193087	32095.4466912943	29408.4180000486	25440.610547243	17619.1976917884	31463.0210022079	16167.4671630117	19530.5413531842	29240.4217647457	58554.5678651835	36228.5501053826	33040.1145202813
ENSG00000017427.16	311.105783683932	787.899206885451	122.649454019088	183.91774621867	327.361205038976	2963.86981055727	179.70434334072	223.004256925209	286.903842661941	291.837229562652	842.117973719474	2275.12871540769	166.31811410647	341.309772606201	180.390022552448	259.049963989514	151.326320496024	870.806879612204	291.655417058048	688.815122548791	198.131205821171	375.265068443648	128.035929249699	178.61704866537
ENSG00000038427.16	12015.8565244749	9899.07641655049	11025.2775133728	10838.7840386856	18942.3043859276	17599.0445589405	13547.9189162187	12068.9859798014	10445.4130664883	11053.9803077142	15599.3991486379	12509.3801508456	13450.6461222865	17085.4855598439	11273.7719161594	9645.82196782	12464.5916519211	10082.9238003777	10017.076226431	12527.4661068129	13792.9548648185	17776.6589584828	14045.3820280318	11255.2490494643
ENSG00000053747.16	408.881089160989	329.549557170243	140.668346015834	143.809129921032	170.417564425243	287.536318286135	164.20085132096	160.309183484443	169.596847004276	206.462381357642	224.835438440792	267.044742787093	198.482724325019	188.785406328795	119.791476946167	134.460742022949	145.44302919415	243.335654603768	176.89354633688	202.129513560692	193.816913249216	176.824716835659	140.012038405662	142.145956683524
ENSG00000058866.15	134.807042852274	94.8965869504694	107.789871886164	83.6994218452354	80.422236294681	99.8931532135216	92.6893169729107	110.45831663579	79.0997546533916	93.6356958874622	84.532240867811	88.6454251278891	83.5288949541995	100.239466585547	85.3230308769693	89.5203387074284	97.2837455007514	99.8227073409022	135.461437471178	128.072387020794	74.3202337462402	76.2589738707417	146.823314187164	105.227781238314
ENSG00000060718.22	462.381973240389	778.252958683698	772.919163273949	1135.34043264134	1223.17940881453	559.810968530961	573.262334608817	954.002699036584	455.116218369915	667.737238245133	784.41969313144	905.312863249478	696.140286083712	461.639647989224	534.822321449161	115.388709771164	613.050714618568	1276.97817827456	261.877400274228	213.966894932366	1457.86899124792	1234.36265006627	593.187756297301	820.837397653942
ENSG00000064205.10	147.90623435798	1024.08589573189	260.619835596882	603.994597416297	352.801237634766	1027.88510052732	172.367327178299	989.936213731984	914.379603702965	1022.77479670119	430.692499974861	755.334313471247	109.395819704991	109.227727737137	145.259409160219	101.619383942077	114.372916938958	920.274507511035	121.12201997889	131.585427761581	151.579412119269	979.309046686223	141.333423173216	416.601604693441
ENSG00000069122.19	196.523355543737	44.6384869641849	532.592383117275	22.8834250313155	66.4743450517788	27.8167992615502	71.6697703249418	27.030214492768	194.363961070093	36.0058432902287	235.323528833294	51.6618542470595	53.6521407936793	49.4657606900337	58.3291791862963	33.3328444667674	53.5915918289402	22.052054322082	167.025784690671	43.1206633445312	144.337719982844	75.673233121947	866.275344074986	106.339876856962
ENSG00000074181.9	1525.55053290498	1455.54982374943	2778.89278173103	1010.84686784777	1950.55226096314	1867.48506218318	1002.49077742618	775.086785057512	3149.50611049828	1508.19014039993	3157.72294864714	2046.82452352391	1687.26264634094	1235.94296838649	1822.28609692638	1718.75089944375	839.415984440599	1372.93734356351	1328.13845656283	933.384839239334	1278.19616875059	1673.23445963628	4927.18951417922	3615.54798464373
ENSG00000076706.17	371.085543482067	616.603155564167	459.67933740813	298.125237769022	343.415027222277	515.084283507046	256.755967928525	644.367617828958	350.049338495875	844.46433362855	406.28061507592	744.308041394204	223.220804340387	169.094103554571	260.427614214372	174.923192952244	202.187949119084	411.983923051718	244.783416290545	203.170441376525	192.674639658108	345.06207742499	2798.6739757136	955.508266598985
ENSG00000078098.14	5317.32058092476	4926.99606790493	4679.04929399774	3749.00645985529	6667.38212321339	6207.2821455574	5248.87630447926	4173.81771427056	5127.54618471502	4399.46607649345	6877.84911127468	6052.22993946566	5783.45012618263	6548.02864250327	5814.52548558309	5722.25491151558	4471.22346203765	5174.92323954562	4633.44830249153	5291.83788279193	6010.8252263099	7139.18793713407	5905.41235770145	5056.16019823477
ENSG00000081189.15	401.159290336789	604.706189537723	361.089233734027	314.475277634424	315.831052873715	538.883098259126	225.941997647172	340.104798949224	288.391637742448	360.492404116498	367.403587989633	450.67854589481	200.394249266298	191.664400300897	160.740259374154	137.980061179539	244.793933341672	376.897818766295	259.787990864472	345.325718870619	179.513003826285	216.88057881214	565.886674661885	484.05326026154
ENSG00000082196.20	506.293602282228	358.880378146598	361.288168037912	249.147355287421	997.398065165743	621.4177531205	348.490643748293	427.086096175579	404.232570657921	439.164293823169	526.348011939715	497.030627983445	473.577573221345	417.992302097871	829.994349725246	675.616854788619	434.566511774487	353.804142094617	329.645756219188	328.383241705137	738.642635101554	826.497760347613	366.183317454303	568.052296125949
ENSG00000082684.15	76.2419055988964	76.4353479074346	79.098012952757	63.9261136258164	73.001805904093	73.132819445858	75.1506333426571	63.9261136258164	63.9261136258164	63.9261136258164	77.4152989807857	63.9261136258164	75.9519791422822	63.9261136258164	63.9261136258164	82.5477152437791	63.9261136258164	63.9261136258164	63.9261136258164	63.9261136258164	76.9327689296885	73.4358588125735	125.113275296468	63.9261136258164
ENSG00000086991.13	590.237954320694	392.096687829529	654.724634003492	374.925970472634	228.595684137589	157.364294245633	329.226599229698	203.793000124994	420.389120919446	298.64599518296	513.11155635953	310.622281388488	595.147320721964	534.512759266087	443.520499727463	446.776588262141	489.270634429119	430.029537004262	384.424491345947	405.312343146486	683.009775820814	511.75470979391	151.835467510103	533.71988153876
ENSG00000087245.13	32562.1018019735	36050.4219170612	28412.7464292945	35521.0064617679	37794.0313762628	41871.5938008631	35903.0846982431	35949.051176628	34869.5193021163	35180.897785389	41908.0127899981	48432.3707810195	34429.3436597187	39224.4633583265	35187.6107922192	32788.4883153879	29945.2838460699	41014.9709876908	32110.6936853908	37862.3173281902	35375.8925225818	42680.5779991617	13332.2327426678	30396.3938642172
ENSG00000091986.15	22518.972453168	25402.4535074993	31667.1261343555	34345.9355188407	24975.8849510694	24376.1724678516	29404.8802548387	34184.6852596895	21323.1520866397	27791.8598618902	28019.246415818	28176.2106516981	36223.8241595246	34341.1094710238	30268.4302300132	26375.0891612801	31836.5171016915	23452.8816865401	22257.5748756914	21058.4304991002	26356.9840867353	27688.7934933813	14237.5923986719	28343.2472001617
ENSG00000095370.20	73.9001388824215	69.7314385549586	79.8625364315602	52.5417634859186	62.4019883047504	67.2099656354021	62.9984309102623	58.9082461157403	72.2750419824983	52.5417634859186	71.1428354823835	59.6217859741255	52.5417634859186	52.5417634859186	52.5417634859186	59.0808559193598	52.5417634859186	65.0240870264349	59.2875493176581	62.4876540389907	52.5417634859186	65.4644870137307	88.8132229835542	52.5417634859186
ENSG00000099953.10	297.40895335059	579.965778860425	232.742836156082	154.547123851867	217.271999098662	323.351600600635	190.593040050844	191.37257664596	225.632044762798	239.388490480617	354.474658982864	448.382851871478	176.307379458617	215.578832683004	181.1133261194	192.93753595397	151.63901258473	241.233688478358	225.397021031184	389.800249763344	199.200241510621	184.840897747286	989.827364155131	298.877169158767
ENSG00000101605.12	152.116173552234	182.668117477915	136.261769228859	125.099759912645	193.518948199524	286.358172987598	128.821365841509	117.900430088135	171.169128269379	155.324896183995	196.243631517835	221.691151029068	153.897819525012	140.793676970528	156.473664038429	142.571453540686	115.470844266281	141.20887907146	150.583298454847	159.62416954418	148.138697466942	160.693059473084	230.437315568621	157.367886435296
ENSG00000103175.11	102.580035142747	46.5761234407807	171.651763035529	47.9388968957362	54.0717948854019	47.0448162891123	51.8573160342258	44.4386227045	67.7969827760348	46.9644560187098	112.537015957954	57.0492756154255	62.274071077976	55.0800875388849	59.1688811131409	52.3446441675786	44.5547987957518	50.3620951410667	83.2956072087949	48.7710604498621	59.9582841723968	49.1291544414205	356.304286287365	63.4977375576565
ENSG00000104213.12	433.949560843873	312.032365851051	430.130143527983	245.974406599134	400.632508947562	580.903804481941	404.196237500799	307.191376036289	231.710553148139	248.4548613751	567.44407393529	521.193904441854	415.885492845855	655.753065453989	270.896186670409	426.028978373356	374.855799687114	450.388732466824	658.747571819431	556.752724287529	258.231924664807	275.076225153059	393.507153275416	315.750389446936
ENSG00000105664.11	1768.74601815403	4863.85156039532	116.888550055837	1005.57633545913	1071.05529299003	2716.75333465695	408.759056442316	986.3537740764	2743.11345382477	2687.99067649315	1198.53980748501	2504.53623311231	481.934378314238	461.917306455184	1777.72517074106	605.9487123634	290.179167920865	1813.15442820373	609.175575611037	1605.77880954585	344.101328419089	808.846434817004	236.977229977942	1243.54880528459
ENSG00000105989.9	437.830158346948	1021.39192744631	339.908433537226	1062.71550093059	1017.40630139769	1817.13516690577	558.033106639659	978.951308218276	1183.0463553748	753.63930352762	687.337124274709	989.620516204005	572.014288402404	823.186754008525	303.25872961589	365.584693856648	408.85776885376	1394.11916964954	417.568783031783	611.941371228983	307.017532556103	728.284335073525	283.180192814611	843.145233873617
ENSG00000106483.12	766.364816668831	3327.42285987066	256.548588667559	1965.67742381938	825.890058354384	5135.73475178963	583.830650089003	1388.0846696172	1246.42752007563	886.115127050484	1104.87913257784	2769.83071394375	446.684232322675	1353.74760261639	157.2262065318	159.339172355684	297.39802049411	2876.42792179769	414.436561832679	440.888709478038	273.233756380164	883.712438729653	84.7388108248938	671.933980544576
ENSG00000106809.11	373.945115699389	294.020260721783	145.773054563404	219.717553652482	429.616625856995	1085.35069662187	241.563502498026	353.283387638077	164.88469855135	288.764234604907	256.22400969598	562.845253241054	206.808178573321	234.137830485351	242.851850621403	189.911248528336	185.916490633263	190.99173074592	157.217498934468	170.680615825845	240.08685446268	319.69939686774	133.142858218348	266.667535528912
ENSG00000108387.14	78.2734312183289	96.9776206543245	76.2529315882146	89.3158882157518	71.3674804959539	83.7764301024084	80.6198632667194	79.971514868581	92.3756605490094	112.059354746335	94.950996633569	94.3152935792475	83.8295683310948	74.6108350493882	87.9298797045837	73.1147289600539	73.0880643087947	94.6034128637064	71.2586915601457	90.0106280841085	73.5238080668639	89.8430274540492	100.487716210094	86.7013351172795
ENSG00000108823.16	133.408089333034	97.3509740163655	165.517818413773	89.3927394726732	87.0842281914675	172.827479861295	94.580016447202	119.16767794887	99.2093140459682	87.1700184852436	150.854276473037	96.6703327194865	77.6739979360467	85.2932945810705	76.6311546650422	86.0772935580612	84.3149478246873	106.821670095404	70.4176894914005	62.7248965953521	84.9363805325187	86.4429274314103	165.502304488873	117.521008902589
ENSG00000109452.12	329.588624768269	359.707584157692	365.687252870375	389.386523573787	343.099091421909	295.835125162211	225.853357966771	239.590152398297	322.516668231555	251.478020806616	337.983210770641	286.549338218486	258.114230747254	256.115782385934	224.959460875767	353.249988982168	228.63055060216	382.9518752693	329.886332802953	234.448506196217	394.896655393209	333.148118571877	152.61291627471	403.275200165337
ENSG00000113083.14	10196.110774949	16570.1083636113	13944.9998708896	16937.9841011026	19165.3438484638	17515.657670857	16211.2879237327	19462.7303473204	16668.2253430024	18652.7585270131	16850.2009666136	17724.3898747155	16405.9614102772	17111.7822699328	16273.7577246917	17458.0409052706	14901.014555555	13397.929328864	17362.6043379523	16303.5714425183	15405.5847297528	20815.6543969855	15667.5479583959	18272.7090348868
ENSG00000113361.13	933.322936470885	127.170452336302	950.523218893856	51.675622945242	173.35666858041	40.8723918308148	427.831740765459	67.1877334291546	126.614721717114	55.760213613018	589.541465814491	91.3825160291169	423.227894817293	382.06331932997	424.414319490489	207.447091009646	650.851524276207	68.4576178336618	361.817667641944	307.719106241927	351.963743401289	175.280273217328	1440.95286530539	208.383466001198
ENSG00000113657.13	2871.27760951651	1116.74105486042	1266.75270553449	784.669178414322	2730.44092723172	2400.53073820225	2845.50776573206	1997.35961782102	1944.7745980419	1866.41085307466	2803.73277348567	3115.91448754285	3213.50237435609	3810.69418821666	2164.28825555209	2591.88071796684	2642.24678993455	1643.34475715453	2110.55023675363	2422.72676569606	2860.21474790426	2739.0588285017	1418.78180511347	1120.84578076485
ENSG00000115380.20	3850.48530334358	10021.5797361622	5996.79762289679	11410.354026971	4209.17644839583	12864.7081984627	7187.80745913818	13479.715320311	10252.7244021999	6301.65625797366	12495.3262102027	17193.7394569875	6188.66167928707	7686.05167243665	3239.67811678595	3516.28908442113	5886.22860185013	11303.6104030324	3738.02469059759	5237.90323209091	3684.8755042807	12685.9354046575	4754.78274043332	11610.0622782983
ENSG00000115884.11	1030.33133510375	1215.06867518413	599.315418639543	1526.20760295943	698.271822254555	453.839925294451	1213.90391284489	1603.21529752219	597.51030048577	1082.71547885706	549.597296731974	777.273677405183	1171.77727253213	1063.07226054621	1000.59417700338	839.69297169142	1762.60408372102	1195.97083400599	842.985671500833	956.775014488217	875.054012268103	740.957950571274	138.344193997237	532.35035012808
ENSG00000117122.13	4379.8897005308	3090.20788866991	3385.18059975546	2501.20587415875	3482.16481031639	2818.3840334575	2504.26828943059	2328.09945210175	3934.50203788261	3796.63910309869	4718.48642746046	3953.6281234758	4973.41170085534	4728.16630373772	3235.42386747244	2743.26039757763	3242.79264827123	3278.15086564787	1094.93156822337	1578.79411396659	5431.46292363041	5867.064349358	4215.544489889	3254.33007674577
ENSG00000118729.11	88.7784008121042	65.8161759552106	101.480978886951	65.8161759552106	74.9890413262297	65.8161759552106	84.6012427132215	65.8161759552106	79.0635213073691	65.8161759552106	82.8633590333954	65.8161759552106	65.8161759552106	65.8161759552106	65.8161759552106	65.8161759552106	74.6247474926976	65.8161759552106	74.9192475647468	65.8161759552106	74.8600602551225	75.4272304393259	108.483542583493	78.5594980645059
ENSG00000120594.17	949.47020913636	284.66106273567	335.381510597028	182.915137308159	892.650048482831	432.928037243628	718.290903249092	225.307696045818	389.351716721618	257.900092541434	1136.20589864194	766.068809100203	1220.35211176087	1461.56280054023	1166.03774519356	711.890398938067	732.934705935058	289.464661448756	698.204944033102	858.132861531764	854.848720814783	858.565260037607	336.59693451605	238.896149614139
ENSG00000122367.19	93.6599403475889	86.6983058442057	86.0424253288381	76.4296971307864	92.087630547544	90.4611310531182	87.8153872459385	86.3856300703358	89.9015248840363	80.6121678851376	80.9062250618971	97.3172046501694	87.7327239283267	88.2327132666736	83.1081769293293	87.0086147132003	82.4911673416553	85.978285049883	91.8625590993445	96.1717261535206	87.5990676213955	91.3707588943972	257.330384021219	94.4078312784971
ENSG00000122870.11	2913.3188051106	4205.12303410832	2285.36765519245	3133.65266145782	3310.06404312891	4225.74580998651	2360.50353395927	2622.80008244715	3407.17377252024	3021.69223799441	3311.48452951865	3725.93183073372	2401.04915288291	2864.28446963157	2705.74998358563	3035.62855523194	2300.78874628005	3718.60002273035	2583.92394103061	2973.76297186425	2398.00298928054	3389.88186474237	1606.52074765291	2816.6735109257
ENSG00000123500.10	139.478408955032	57.337648886088	105.863025986803	103.788019600516	149.440885056245	53.4513050563835	68.2329815068868	82.2419622833003	135.270096449908	121.471325664788	250.77158670971	144.932604242163	196.607087484424	66.1181823506666	109.464199085198	67.7062709310103	126.003870519414	84.6551114198305	82.6217173029016	48.8592846792889	456.534426528453	186.656767771867	31.3706636620014	65.5511385367358
ENSG00000124212.6	5990.52437362323	5027.09754691412	987.136050681196	2322.21166801131	4621.83791324511	8374.42174991769	3004.73072624335	3627.66489185098	4177.4580559274	3392.48723384609	4637.58455034202	5440.93585545872	1876.47173559051	4383.91604440295	2179.64161999408	2451.37964808694	2273.18540638211	3797.02806461497	3010.47018746535	3795.21916455386	1451.54254501351	4972.25114676681	2882.15266273569	1082.84149079737
ENSG00000125730.16	1584.94464201826	2470.74721036189	742.686589175598	2805.09624050973	1811.57687974013	11733.1350011341	3070.86321894224	1903.56351064007	1600.25899701162	1331.40830863391	1450.61492534201	4163.04142565462	2775.86112020599	8947.33590494412	610.472649191341	593.657681364718	985.114581628212	2715.55564070888	1619.10895756038	3914.75042488016	1972.07725503091	3803.83542942354	607.998914040202	826.236002755604
ENSG00000125895.5	47.4446846367425	31.3595565756697	37.0934601910205	31.3595565756697	37.5880746066528	43.0648789100782	31.3595565756697	35.3746629534685	37.5486822231621	35.6610959894676	35.7394861976207	39.4850006667959	31.3595565756697	38.5952310102078	40.4341918742927	45.3523779980566	35.4771249848714	40.6342824934987	40.4317437171189	39.2146539259515	31.3595565756697	37.892910069679	38.3890856139119	38.7963264916361
ENSG00000127083.7	105.317791246118	121.113534545789	82.2011441049677	102.203998877225	114.691777620795	142.937994131641	91.0219762095191	164.336667283072	129.044920607221	170.182613968948	92.7432206784558	148.409797991472	102.121555820987	96.1290212653968	92.446748971582	82.2011441049677	96.5583939026945	128.131107210829	82.2011441049677	97.2917302394642	82.2011441049677	145.293960015589	82.2011441049677	123.382533196463
ENSG00000129244.9	61.6347238342034	71.4788563327478	61.4578456179879	63.5340069670696	69.1118325248715	65.1774157475313	68.9963356836789	61.6559996724494	72.6596885656143	62.6006922731855	69.5861547852966	80.9302888164925	68.9225210849711	63.7859557400508	66.9541489223089	59.4180902992866	68.2420235065206	79.9217299813999	64.8040840176595	65.0774230249425	68.803192155188	72.1800039911065	70.3593013257532	74.9130202802276
ENSG00000131055.4	40.018735999053	40.018735999053	51.2336812036354	45.2567493250254	40.018735999053	40.018735999053	40.018735999053	40.018735999053	48.2743711707504	45.7501081179981	40.018735999053	40.018735999053	40.018735999053	40.018735999053	40.018735999053	40.018735999053	40.018735999053	40.018735999053	40.018735999053	40.018735999053	40.018735999053	40.018735999053	73.7184487120858	45.4849994583529
ENSG00000131471.7	622.531043952967	266.200767161487	590.063769703993	217.849959904298	303.217614600724	408.349913056548	266.023208582779	225.789753256499	429.408451349087	204.961940454705	452.71171707257	243.290942663435	181.42992255066	171.56421816623	170.376767028947	168.466854192799	206.510261026217	229.127040131637	329.595141299021	176.816024841793	175.257104842389	318.432631465215	1008.31280093845	407.167889766203
ENSG00000133392.18	533.992575324215	206.166589888268	329.701019280025	200.602280725375	233.995143175422	229.414057479222	225.741639531283	221.242282725467	464.251455085347	204.879913270939	422.994120806638	216.322090716348	254.010843823599	237.796601933448	183.284062418319	198.424933723378	191.102885665561	235.865869647959	317.52503296305	195.291427306398	223.524456699031	229.131546889667	2866.51443371719	319.671305682224
ENSG00000134853.12	5021.761498099	5172.29928317447	3665.60826487093	4062.47748660213	6160.5911499282	10664.0589086018	4994.9138673192	5600.85223116922	5583.26936847916	4912.61167904527	5400.25588760836	7821.66756740805	3761.65354102457	4873.4574495523	3747.65854559942	3852.42561703961	4575.53094833084	7451.96075266441	4506.12387184378	5672.90249802904	3365.94863894877	6032.70140045458	2969.31615973942	4004.44179022797
ENSG00000135218.19	272.028846274589	335.498603009368	679.77073296336	155.041488746379	107.444629270848	137.824535678129	201.098068758276	214.586345923522	743.486763508468	234.631931878565	283.588325120074	170.87734374864	80.8012665912829	68.4414962571893	38.931208119914	55.9350087199851	68.835644883078	265.535577935326	152.893147938729	67.6943567812299	88.4354810853211	146.68569120572	1156.65151070493	756.997414937924
ENSG00000135424.16	275.998072902443	168.947169326299	645.581732405779	181.261293862412	95.581329941745	122.698937652727	145.433645306043	143.650973267669	186.353019464424	123.607751491656	301.533612198412	127.251028296356	125.759260988058	120.551097765018	90.3453212445115	109.49805033813	99.2536558509037	186.046490616054	164.744517536199	91.5744582943808	102.848573600808	96.9293083049187	724.592615504767	201.776818621487
ENSG00000135678.12	313.304684843749	355.86542530133	154.580963236063	239.501818804591	131.971675228277	215.870940393243	125.210371718769	132.927147942977	223.283395427224	284.884869477983	167.07720144253	240.927547997345	127.943886752536	179.109786129442	83.7622857157192	164.448026641768	119.378800349269	226.706930574248	135.28287721286	155.249663165952	121.649916355454	153.440410155897	46.1938616037103	119.636727230897
ENSG00000135919.13	8888.34608179431	6930.53374010634	4435.34023059028	2166.97904652619	10240.4435042724	14411.0533782357	7150.00851414495	5037.28960486143	10295.468048291	5420.33345429083	14602.4153004828	14837.6706404976	7333.26453668267	10279.7888094142	6253.87340841181	10661.314497646	4043.0313983509	7010.39531229605	7271.91592478749	7161.13754831865	7146.64623776984	11915.0743072363	4048.38695055336	4115.90230200238
ENSG00000136040.9	305.891625672231	234.207418774536	281.178965347838	255.155105438184	272.550421558967	245.258782329553	308.59516638159	222.551206279055	331.300600019814	232.858260859699	420.816694936125	325.615414710891	284.29552176353	283.572401015776	416.553437233586	378.361096704571	476.973685383543	250.278374072565	313.492850763536	288.738424360002	441.629493472506	447.400781671244	205.400114210826	243.468769938682
ENSG00000137558.9	89.7546295653811	52.6952982976303	70.0041045729644	52.6952982976303	75.0137002846991	69.9708719138809	86.022931344024	59.2887994267437	52.6952982976303	52.6952982976303	70.1005772471226	52.6952982976303	94.9388516761271	120.200461037095	65.3688100097874	75.607912147441	94.3123835837386	52.6952982976303	93.6511238452395	90.7531415732778	76.2434928592554	68.4483650825776	78.1218571576257	62.4669483627971
ENSG00000137672.13	85.2815028027356	25.4253186325771	98.5485911540951	20.5241335956249	28.3317506247733	21.9654601483277	29.3163701567346	18.7635883200747	45.079542036683	17.890560219125	60.4226772489298	31.4691248795	26.8082353453998	27.1321451592254	22.9303030068423	31.8206341124342	23.1185293642779	22.5634946487104	65.6838714827514	39.0009358157832	38.8244329411691	23.8207604916089	236.867282062507	41.855131215503
ENSG00000137745.12	43.4163188686886	32.5724416930509	37.2145956236606	36.2186102050424	45.2525453787028	35.841868261879	41.4400381122486	37.3460928200496	34.3828750740953	36.9236874065905	43.4121465836748	42.9213716937729	46.0664016174777	40.587580708525	49.0345408359751	29.0740109140411	40.183951653211	46.888641983137	35.6898879659589	34.4628010073403	68.611829311629	34.6762789875341	29.0740109140411	32.6007784777081
ENSG00000138061.12	7781.38924359062	10485.7483037966	2291.18339093256	1948.70115128885	7460.41707646948	15952.8493247881	4271.00043402277	3709.98941295346	6367.22545009535	4250.90138292274	11230.1480986105	12829.1090368818	3670.5422627241	6590.00799624237	3154.28106917016	5493.53889255327	2029.84998807317	7419.81772805291	5156.01658970573	8594.6853555504	5340.05238435066	7719.24704572697	4705.2780313185	1489.90897145845
ENSG00000138615.6	97.8340142138683	151.514282911512	102.993335344569	107.135840958252	138.226794186881	192.556131805183	120.247657028774	111.401783171932	143.058688652396	120.569010569143	117.704662426922	110.176367274457	117.19384726859	123.743643640298	123.409484453861	103.747512696421	112.095424903337	130.484972293871	113.02956024788	120.769113379736	85.9247090460713	154.697993323451	110.537079439595	152.154756387181
ENSG00000139329.5	6802.05151402389	7877.42567014388	6712.65507054316	6310.56213721577	18373.5671730693	19937.6761857335	10120.9466428767	10088.9251354675	11863.0771683204	13547.0450581929	14535.1101773733	17115.0393947792	14049.1995199904	14795.7866436472	13472.7503246438	10130.2886281646	9112.90891865291	6270.90745794516	5923.47643509698	6962.94662956724	14419.0907125498	15286.448693589	14330.336892981	10364.7985587472
ENSG00000140092.14	3067.36532186899	4835.15126655964	2272.28412521598	4027.0551821037	5273.34817858615	5062.42595555476	3180.99512898503	3199.740943414	5530.41756569856	5123.19143685327	4052.26458893645	4861.48867264398	3532.79208717788	3535.47035294674	4835.44730045332	5121.90011453412	3754.46798633631	3464.91827722065	3213.32235025189	3736.65522513643	3876.70869888104	5692.0998515554	2037.27892384828	3253.32135581439
ENSG00000140285.10	3248.08957006601	5545.91205074599	1582.86634279866	3033.31999717516	3166.86816851399	5781.57126742267	1866.20924093329	1944.60272590344	4843.31538818486	2916.04848003288	4455.05123169318	5355.8266498141	2370.30745820766	2974.21880954053	2345.67217032271	3035.77962888209	1920.32499533228	4905.01436961797	3466.27633090208	3627.39488420297	2548.47219547709	3030.59865780054	760.186553959783	5038.80989686453
ENSG00000141052.17	257.296019590798	100.297629660698	435.707377026036	46.6106744259642	254.505644960539	263.955930108949	98.6048445438626	45.5645474197184	131.601383738883	43.4905288640516	256.305429478538	88.9269849184115	89.9176337173534	109.24839085241	118.117023625042	127.590328965629	67.3174883689962	45.5027189872159	187.954302638794	75.8273994148112	102.82801782004	100.641662681191	928.178153815024	263.943813769561
ENSG00000142910.16	962.159279113168	563.691877222081	1342.8815623365	322.890318903315	481.91172110297	339.692134600404	456.100015990131	412.511813564382	792.083912187651	444.145467556722	1032.76010828354	548.785877959118	261.290757833451	220.621522226134	158.352449847744	108.367331010319	264.986426286572	343.338326154356	508.088856985926	277.014076379924	236.531524093115	674.498825566018	3212.79385786943	1209.74282699514
ENSG00000143196.5	653.597776744759	1109.60831150204	419.681911889921	903.824879409078	1217.28188181887	1465.60227261418	587.125031515189	831.092816574704	851.768268977601	1380.61741598412	913.018292540904	1570.67750455921	938.358561133096	1066.62315161806	840.254210337224	485.212357191672	674.10732313338	829.929007405524	517.994081532443	645.851214760607	1282.13718395706	2145.32592792645	360.50663188088	683.512458466614
ENSG00000143248.13	77.4478351477088	99.3280463876818	135.254886327221	73.5907605555926	89.4988187098941	97.3654835291955	85.872471046518	109.017907013208	95.8451490627447	92.7766229107511	101.682400598388	100.19115427141	90.6825829178508	77.3060573585081	86.7224518318941	82.6386841451505	88.4371301411431	108.323681722789	87.4805881552853	86.8843213130774	101.689286465978	78.7022066520144	265.872195963836	91.7586474781658
ENSG00000143341.12	677.764708396229	1334.92684034694	355.493095471089	1069.45353222905	1227.25394742899	1478.88035907065	961.629643664644	1303.63766836086	1088.66136964897	1151.03672494642	1108.54230898256	1537.66063393545	866.844924301715	993.579331481532	1014.74041975636	724.990302436455	478.220177756385	881.617021277846	412.980943878743	853.0194670411	465.70354722375	1313.55519925885	1163.06679164602	1389.15453494226
ENSG00000143387.13	4005.32699973739	3760.74055693215	2941.7184964357	3359.86916676786	2927.77450898845	2449.51630145807	2917.99521950374	3261.90232342836	3817.22517370889	4238.46629134231	3398.62470153076	3475.89564786589	4551.26745557543	3860.81007067332	4310.48381847305	3271.25032070584	3743.48140640876	3383.12324231077	1673.52684891257	1853.95024950551	4172.50863349849	3288.99293083687	978.032671247226	2444.42295665083
ENSG00000144810.16	4474.40224028955	2365.35675063024	7038.86268462132	2532.45613196288	5521.0022284487	2005.32121157047	3833.12896543327	3245.62390998982	4657.30520980044	4587.42017228556	6426.49184270469	3608.59980465025	4763.03788929259	3891.1700939489	3194.50087876026	2751.52344360065	3189.8345524211	2450.73140548703	2789.27039318054	2681.74506604817	8683.39767632109	7300.42872098422	11175.5085884275	5706.35866187342
ENSG00000145423.5	3362.78956608187	4988.07805528913	1018.0410069804	3120.49828555264	2464.08139599721	2262.57487482193	1693.62284519982	2330.18569002153	4502.75669088682	2309.62046988078	5338.93049506599	7080.42995655284	5920.75827214859	6676.14909696894	4406.68607443793	2940.22521722299	2112.67579164344	2555.19043057557	2936.16675788816	4294.81356459639	2204.58282219753	4548.01026912898	1164.47926676363	2601.30097954903
ENSG00000148671.13	1945.74543110645	805.663070360488	729.487837168958	399.048246927653	902.006737882833	783.258606412483	1061.58395447787	601.188178808489	1357.11410693818	998.818067580956	1013.31837898668	1185.75925516993	1497.8552302595	1605.97517437954	1049.34252052777	1130.98137709424	1405.52788130398	1001.14403783352	1058.9747213464	1015.98461086032	1165.59621359132	1068.83372159564	1851.50621420604	795.093480588754
ENSG00000149564.12	140.095358696976	71.0333524584415	155.018886390836	62.6763837732615	78.7210518761048	67.6670314972528	88.2683763458048	60.7838719204362	126.28503280976	63.6962379098692	142.787622635	78.6679939652224	72.7499373814757	73.2100707292935	58.4776647674066	52.1608779161494	63.1876936717486	70.917592270334	109.442355034099	67.5718491956238	95.8849961758494	71.6056370764461	1322.99084511253	131.985255487188
ENSG00000151320.11	67.279549706404	74.8609511295711	75.3482732123323	61.9533650703176	60.5026927421465	70.8553240225285	60.3927299512529	64.4586010900734	62.749694045185	67.3982037015487	63.4140317325132	52.1438177380242	59.7926042949444	55.4407672367809	53.3690203316762	51.3062806861252	67.1206171244473	60.7818747098095	62.7155654978641	70.6565116629288	53.2854163554762	58.7696009317919	158.64475277534	67.9812816250762
ENSG00000152377.14	6269.60944570298	4095.59023660123	7144.64921883788	3582.29381349045	8709.4893794561	6244.62152008823	7664.707696165	5070.52677970985	5582.98046553636	4509.74880589654	8679.01922289696	6905.01156170182	9019.57663367802	9692.05401207429	9573.67592706047	9859.17937833163	5841.23403448267	5008.8334089229	6331.81177686281	6376.0142208659	8169.27586415397	8262.76897634255	11254.1646645659	6243.12258099382
ENSG00000153902.14	56.3385910036195	58.8532506785026	74.4157038621361	49.0147833222805	63.1578804210715	66.6011639036652	50.1250547884695	58.604439343181	56.0209714081564	57.4746126240222	57.7805074955516	51.9799371256433	59.1802233182184	59.5664193043348	54.6251514432824	54.2103603527686	51.1727635755819	51.6976474557518	54.6217330720988	57.5628623817642	54.5346916856424	59.5316942371052	104.826256712088	63.1237015445149
ENSG00000154262.13	353.282857788711	682.286501201102	227.272385339593	338.305991380405	500.034017360676	863.438944058104	236.230493190463	287.513888307466	434.274529842075	344.108843950998	490.163255375579	461.064901680933	280.705596348397	424.650398217264	206.224916163438	310.039164578009	222.048064908556	472.701692106655	234.004904468711	350.260717675478	196.923647940539	410.658197373045	226.576615147809	232.412651151565
ENSG00000154556.18	423.979823225588	331.982385314616	910.397451262859	552.760500356118	521.432485523563	581.902637227744	341.291419844989	509.902545279761	525.605953682741	517.504454425249	676.092651478555	561.814525748441	298.619591147602	257.529848281304	353.658544474817	212.810558011493	308.013428185854	526.232118710272	242.230925247037	230.711917059847	262.077345117347	497.415752142015	2275.69331491323	571.93920966906
ENSG00000156265.15	390.410528366688	230.628558375231	1154.44566904745	282.313549188892	618.049992156947	221.387182695062	493.901300834178	279.381340515461	368.284880611249	274.881995931657	530.536047243158	238.79748186917	672.949836662269	541.172899602477	577.038272209896	491.533469735969	482.917748160526	250.897902097879	464.215532686033	384.41924046984	686.945567329314	407.667713411539	1860.88104086956	344.531346443174
ENSG00000156453.13	96.2724456094767	65.043796353332	197.706995229904	64.1161921324571	73.8413307737855	62.30541043219	93.6236038521104	57.7002981320978	92.776524061282	56.8183467016576	73.0835613930948	53.589274255638	123.544291072809	100.899677798665	111.679204687504	78.656825179871	86.9392270247151	51.7888597226818	82.1924817512867	74.9468392137555	105.395159047915	93.5998059110936	714.320694596632	161.453757953788
ENSG00000157766.16	870.972631449803	893.576335040108	2665.04155746208	146.064312973659	303.97236108148	458.281202368502	312.057428439438	332.199647967458	746.972959134416	177.533232701679	710.307085129723	325.410169655551	246.263332957022	115.739767693566	276.65587758099	173.326106947074	132.950401418438	258.142648059526	241.240990791597	113.338908709942	293.128317151504	98.8965501500965	8192.87845175679	1887.64409664895
ENSG00000158270.12	1116.16454374113	917.778368531059	184.099261345995	545.26177130898	636.682390512153	1329.2044505974	569.804253068817	636.942860635468	884.192711607752	789.470083049895	735.557036903453	1132.63818604	541.3382403191	677.491786430573	385.847952284601	451.796516521472	451.580953500917	1043.65864993967	555.171517126813	695.893144798712	478.508382979919	608.310244918227	73.5718402057475	647.458078473149
ENSG00000159251.7	178.253287569431	295.947850577476	68.3731433084015	97.5841737938606	107.868409975383	182.511736873474	76.8842432716665	101.115153407793	145.108572443764	193.589138102048	175.932736709585	171.076864447926	99.5995546815296	88.768565237962	199.900915929061	106.726024166741	91.9127234398906	73.0419538080879	131.653682462122	121.313210461738	107.676599474072	127.283214540421	102.751186769359	143.096496363581
ENSG00000162493.16	546.511933148606	407.504300822026	262.271844742421	501.461482289895	316.778880313532	566.772184030357	748.85738622136	641.518679850118	324.65794363641	404.760765582404	506.497040481268	648.042626193152	749.8282277529	1151.75462810493	295.352607021699	345.166945262943	664.088497193492	338.19258546397	383.168882246074	437.166092264064	551.568008936404	466.536271080577	132.12552087479	286.93541332987
ENSG00000163017.13	684.886651318892	198.490216442812	1299.8203142294	186.451424003454	271.176989140033	199.547350767502	279.118424154587	175.986885554144	447.95753058807	195.171310943258	605.637638529594	221.992405946854	283.679377344121	432.027414644898	198.096043116182	172.510439994178	305.321933912101	187.980466185153	426.130223820715	202.683040978344	282.698382604219	193.972576862013	2049.49192502735	358.094839657479
ENSG00000163531.15	865.152676967947	795.590658677934	678.966052904848	813.002823382616	610.531052248771	875.920920467918	633.002567813331	593.207743584407	702.254002247734	790.791540592264	567.755270608583	624.141625218987	613.249921483948	743.681211937149	683.291720384224	896.06086576592	579.28285149278	633.747167668005	854.838261115563	703.246159540672	464.52633023678	549.714201705549	462.57374121898	876.706790495016
ENSG00000164128.7	158.901170799159	104.698379272199	137.308428551775	104.698379272199	128.798996800835	104.698379272199	116.077091284183	104.698379272199	123.884274671764	124.069339975426	162.000784779199	124.827123890898	116.865875580036	122.671306964635	123.861189693557	131.844530568191	104.698379272199	104.698379272199	123.856213979418	129.01166071957	104.698379272199	104.698379272199	157.048162297436	117.442726407496
ENSG00000164530.15	1583.06483564823	3956.20567338202	1198.46073596662	2504.36661402026	6976.51340230686	10134.7775132574	3074.81798144737	13759.1183784949	4777.74358420795	5724.63585653559	4721.21461353152	8099.77258611908	3056.2024770015	3736.48684248557	2968.9744403609	1881.28022625518	4297.89525955892	3645.13295940864	2998.5402013656	4384.75861457752	886.819080171118	7562.34022551092	3849.86668058868	2045.0810588586
ENSG00000164647.9	1084.12745328532	1621.97695308316	1341.51259706547	2388.63659036876	1302.72959778604	1160.406237825	1342.57748540754	1390.80279396697	1240.85673668588	1422.94598913073	1101.13416422649	1243.28041731149	1282.64568048815	1231.79517652416	1075.62699541635	1003.37052761096	1545.80159041436	1691.6138108288	1235.00822646082	971.680776481108	1946.75718322245	1414.0489600023	465.220905213623	1539.61697302959
ENSG00000164694.17	546.022805885329	566.191112884389	188.462371033219	392.284338104985	607.074120967446	985.234336274321	428.151275489333	324.412159643966	518.883158655141	489.513801684786	1109.23665095148	1591.27750470412	643.422945238817	903.821491792567	385.307255069504	258.465350029416	194.020820415358	235.088109293293	482.836927491457	815.822929859888	836.971901374128	1047.7743834465	256.047433227549	298.401727842633
ENSG00000164932.13	4072.42484865029	4373.72166332628	2802.97451840754	3252.92777445714	5789.34863878412	4607.23817548138	4987.85488470051	4526.35611404389	4487.46315627409	4944.04684859852	4147.04487032224	4694.2224453892	5118.98052029577	5035.53101459386	4554.28189219682	4128.85226514763	3736.90264326261	4443.70778740264	4285.26901427876	4781.46672470326	4269.1351751652	5393.60358212743	1783.57551351296	5492.10159185153
ENSG00000165474.8	70.424341934096	47.2996385169878	64.9460622112383	51.2542192163411	79.5924078696136	51.6895740890688	231.483958583632	147.669483760046	65.2478263808311	58.3260132066669	83.2369071247549	70.6139916132666	122.638329611207	132.884404108888	66.6668705665373	73.4269851604403	76.9770549259709	51.67366798419	96.9553484956602	80.6583631224441	202.827086316454	105.846666000883	137.943322040069	181.013506928405
ENSG00000165959.12	115.464316390288	116.459012282913	128.987467328091	104.585949233626	90.1100187444854	97.6205552493651	116.055948982807	104.336697814104	101.514506324125	117.618767442357	96.2011748078311	91.4183179073917	149.046484586841	124.413601958933	102.969112628862	141.430324318137	114.748735322652	126.197402263949	119.491817563068	112.490636358176	98.0726979987813	104.017183615974	88.8236922437447	109.420998778527
ENSG00000166148.3	38.7650051073184	26.0728413355371	35.664415265081	26.0728413355371	26.0728413355371	26.0728413355371	33.3634729371461	26.0728413355371	38.1344465623913	29.6485429734922	39.3176027392024	29.7857528255076	30.7921665961328	32.0875307816829	26.0728413355371	26.0728413355371	26.0728413355371	26.0728413355371	29.6099209744893	26.0728413355371	26.0728413355371	29.807065360528	32.9267149260292	34.3039416289068
ENSG00000166250.12	14478.9000820849	13651.219682901	12437.3638262503	14121.9974709209	12455.6950938154	11921.8062117992	14941.8687212985	13509.6699323107	13831.0916197598	13459.9647652342	11565.3543825975	12622.3977018153	13834.5313221184	14606.5010651858	13469.1021927142	14309.167776149	12491.8394810147	12968.9120098001	14567.9329078542	14778.9737605703	14020.0616959031	13015.6840050126	4312.7205709958	12512.8502070669
ENSG00000166923.12	15328.0342435243	7929.96495408584	16122.9254214881	9289.82556469248	14697.4807493553	10334.5632306564	11317.9166744192	5766.00110762256	16433.7777011387	12499.8897647964	17070.6932393328	11874.9071143645	18156.1910754283	16295.0987001099	16820.2023950045	20119.7853798771	13990.284282851	9421.70245283306	16019.4093587728	13448.1288235468	18840.1000778754	13428.3528672272	10336.6518495641	15948.494162898
ENSG00000169116.11	576.026960630948	366.007552048195	357.326180497748	380.939322619459	249.903635554354	439.918269320917	266.722897954854	254.827948751928	228.4553823331	231.650411799261	327.052072654271	357.148952563842	337.484398892757	571.991785143532	271.002452029623	264.492247647356	357.391743747801	451.109246043173	555.150321030924	502.834608029311	263.345988743257	251.451832148204	411.998479218605	285.188974786234
ENSG00000169507.9	40.7212746762953	56.0705778112658	51.6144161700733	48.2775831174488	36.0590697920886	43.4126715851035	43.746441881975	44.5195972115108	41.015212084086	45.1502694822306	41.1534059312889	43.616066378392	40.6142127060729	36.0590697920886	36.0590697920886	36.0590697920886	43.0110203154516	43.4045533073975	36.0590697920886	36.0590697920886	36.0590697920886	36.0590697920886	51.3189094547553	42.9859224967007
ENSG00000170412.17	245.141049268601	352.679453152438	113.755113133295	191.332176969101	109.417129352204	235.469000771384	120.489152675572	146.013475591153	206.189813345736	122.750720999116	290.534089811156	299.568040525357	112.270817767973	181.923348720793	125.388394012375	255.057318737958	94.0813281683285	250.873228437192	288.373385652558	358.63435064613	81.9450364290227	122.583091846209	106.868019988304	192.935848581926
ENSG00000172061.8	741.404294702068	1282.35074816529	257.781808143277	860.148298757828	1028.7953876663	481.615847042193	621.580791941584	1116.85207784982	648.705857626485	881.744365865688	1026.73970231933	1143.85564572739	1699.10083171807	1530.1095671925	714.129832297787	491.842729507029	977.027269938342	1097.70490556212	338.466321571467	425.826187258039	575.409148466934	834.953754967492	588.064999227872	2362.79249356719
ENSG00000172159.16	177.689472130464	234.366698507848	266.340845956608	230.005002768462	131.080018069611	171.127770151792	183.685082944115	296.906087396388	373.602405833358	321.024786955469	174.274477867999	230.285517442993	123.497329048607	109.564471402699	121.01262269642	112.117167464574	161.057833481815	318.364357706187	177.179279851201	160.588410421664	115.963026457723	152.797062960437	279.119740428504	197.928589690918
ENSG00000173068.18	1110.98951940414	1492.96462131907	1086.77244705565	1507.09377885192	1346.01460221854	1599.55071256818	1194.41959413341	1353.02460903493	1233.90283038017	1337.88766384534	1278.21492349496	1283.50140942363	1169.62815544275	1340.71318358268	992.911631186936	1059.40336733736	1247.33611268214	1498.65051237295	1045.2484738913	1198.39670405016	1054.63326037275	1454.65637779663	531.407609879603	1276.25133417372
ENSG00000173546.7	747.853947500905	467.384974859384	1272.82664320896	701.107766065663	472.918297969843	247.999278582321	1012.26499665769	745.688103151757	791.30561736971	844.040174534449	535.446164228572	403.925967623122	1048.41943503851	790.02039470852	1244.09532127801	1076.85675192	1042.79045504087	443.065796641796	917.904884368646	585.180550707112	978.744280491235	347.032780428324	2702.08331758468	1223.10368156979
ENSG00000174944.9	45.7939573169256	42.274807272795	47.0452113948826	42.1222056664289	46.3738082057061	46.502459731042	37.7493730943799	37.7493730943799	42.4864892214215	37.7493730943799	51.9707307493608	37.7493730943799	42.105035989588	37.7493730943799	37.7493730943799	37.7493730943799	37.7493730943799	37.7493730943799	37.7493730943799	37.7493730943799	37.7493730943799	37.7493730943799	89.3561443607744	56.7832658587016
ENSG00000177098.8	29.0843523969884	19.3825402650113	23.0153397732457	21.8723101129548	22.0977475769568	19.3825402650113	21.7009383380532	21.9249136973109	19.3825402650113	19.3825402650113	19.3825402650113	19.3825402650113	21.862480332439	24.766528810414	22.077770054686	21.9941516620742	23.1687440158404	19.3825402650113	19.3825402650113	22.1209025487045	23.2724504465518	19.3825402650113	23.8380729993096	21.980684331842
ENSG00000177464.5	117.789974400591	177.601792905001	61.4931058556671	168.527161106047	96.9608038773224	103.33524219901	104.574896773959	136.953263530359	79.0215472305123	123.677464507354	119.276199162826	107.741559414958	104.964551480742	97.6986594367822	78.0304255388563	44.5626026661314	140.104840433909	120.669256656587	56.2119182302221	92.1247159199055	59.3780997532015	77.4377129446044	42.2409059727915	80.9783803492387
ENSG00000177990.11	36.5707418382111	23.9830227503758	35.1459295755843	25.0195326450349	20.0820055227929	21.8639983598306	31.4905256460622	27.9324045251803	26.3615080744745	25.5698004384831	28.2677963361023	17.4344276764173	24.6992661170386	21.5581640088929	31.0566460830082	28.8985598754705	24.417737627178	21.4549894161419	26.9319194154441	22.2028087642757	30.3986118973301	20.8353208923008	34.0745140200242	33.198270857094
ENSG00000178878.12	290.798777795915	345.159546697315	381.893874540842	292.915997120692	416.560074628678	423.969450119624	299.484879746363	395.651474996763	298.732099468086	301.994702713434	327.507567555076	314.151083449504	218.53680891223	236.01224683958	205.67253068621	199.825470688747	404.61959605193	452.81693130431	240.659583541713	274.599199629885	258.371632168572	395.366637284727	624.279025595996	258.114221691288
ENSG00000179097.5	76.4713062674122	103.54428841692	96.8673160740962	64.9240320921935	74.5124791303911	38.1665327996579	58.587648950889	68.8850099628809	83.0681008982369	140.193514236921	57.2551900655851	41.6044138426204	45.5591054339479	46.0463504330365	52.4534092932841	38.5826232596784	44.5576117417599	55.6928897875436	51.6000626722009	66.0775988033064	78.9088919081672	103.12418741822	57.6362212511373	56.2714734102409
ENSG00000180616.9	65.5979774114001	65.812304541301	58.4699147393794	65.3310375757879	64.4577762330729	59.0882463360148	65.9917358895361	67.3991706263488	58.9500455017512	52.2521676514979	72.4040034411292	69.2173052934778	58.4101198516503	61.3513100524447	61.9543690966956	52.2521676514979	52.2521676514979	64.6263861021518	74.8581788607103	83.503923904318	68.2515406693035	59.3119431495975	58.3635786330305	63.9134365535006
ENSG00000180785.10	35.3819119977106	35.3819119977106	35.3819119977106	35.3819119977106	35.3819119977106	35.3819119977106	35.3819119977106	35.3819119977106	40.852401818546	35.3819119977106	35.3819119977106	35.3819119977106	35.3819119977106	35.3819119977106	35.3819119977106	35.3819119977106	35.3819119977106	35.3819119977106	35.3819119977106	35.3819119977106	35.3819119977106	35.3819119977106	62.4789905197949	35.3819119977106
ENSG00000181856.14	84.1619868595495	75.7140660003628	60.4061689800461	60.34510315508	70.9980891036807	95.4168087048958	65.3376581377068	68.2651793924596	72.1798187582185	66.6902496377947	97.68453344436	103.538758474469	55.747249488284	62.3129435616692	56.2370666893562	71.3975792674989	58.7114389334232	63.4320199999343	83.5868518214323	90.3207971798027	50.0661543264048	59.5120122204784	55.7043943545864	60.8064807878323
ENSG00000182253.14	259.635493748796	232.460327979382	303.26161501549	197.698974453922	206.907255406787	197.074053700455	192.56588419154	163.401476022769	221.661402143309	224.540044094368	211.407345236965	206.074385501201	209.01971392078	195.91180449768	201.456190478708	171.262731647891	181.08954970304	202.958506847939	182.715558823284	187.656765742891	178.725623267027	153.286477086635	413.895029403127	236.384896036444
ENSG00000182963.10	551.23001402711	521.633305783427	949.232452113978	814.518558438134	509.563156953579	405.425772470955	621.624676223811	639.510874063922	600.751492085818	606.718685295368	460.113394863118	448.216066416799	597.241321044832	505.575371057107	776.826893627458	678.293354311842	682.63360508666	452.724126572018	548.594881382686	534.828263008864	697.103745733288	543.74049429048	694.479362596065	638.483283133665
ENSG00000183023.18	189.644606468593	198.649177072104	264.779806244884	227.155765304358	300.022093157389	236.471568905018	231.39861530198	197.21435735225	259.8926893376	217.880195324705	246.907616585736	213.614099215143	231.600432853345	209.830696374742	228.644222943969	233.628232687748	201.606184742664	157.416919929417	195.429673726079	167.154506334718	281.382963256203	270.435790358883	217.023791025036	309.970428485963
ENSG00000184060.11	55.9983558511424	46.6429889144686	73.5847066683937	44.2251907097761	56.0844298606694	50.7799231743156	48.8937451902626	53.7678719056633	58.3046848608939	57.3466791045713	64.3323986692007	47.3659129534141	52.2045419649569	48.2725513590468	50.5223254599682	50.1590336593823	46.729617306106	50.7669814550479	48.8704167537233	52.2337208632498	53.3028161546309	52.7685676755056	162.550254870847	54.1105137683353
ENSG00000184489.11	185.102402536559	180.193359830907	120.338474785306	118.104653294559	168.312099548674	184.596879948627	158.630141617477	112.653107995575	128.276330783567	158.627867079322	170.765943229344	155.134353399432	149.858855104226	167.974632678465	183.203680618301	168.610862425873	169.934046435686	173.139285106173	147.173618740079	185.374245527306	165.115226903161	153.785540134361	173.014534951645	128.07389905556
ENSG00000185633.10	477.80282659038	898.171940367512	1355.99047611823	456.691391398133	251.568822716961	456.041039925613	272.105002941729	546.319842758976	565.35810229513	369.255570574701	720.15539327999	497.905567965169	144.677468356784	202.703911403038	449.900290249862	216.527570167904	169.964963163317	383.726637067399	337.03168254733	216.160918425331	187.159915248172	251.97186944452	1938.06338627611	809.693574086333
ENSG00000186340.15	10267.9127515568	16302.9516247359	7835.7049723528	6120.8515224178	11139.9015370967	14163.1076439845	8499.5223919102	5148.37705537893	11807.1575318716	6612.06075494867	14569.2618465627	11066.587851369	9088.30098420157	12218.1849733489	11623.850641038	14485.9830241931	6785.48023524985	12173.594980165	13038.113983597	16419.4796680941	7398.3355554636	10497.2776516739	7077.33198912022	10612.7141222099
ENSG00000186847.6	191.394148966329	213.132284062037	256.480588861769	175.783752471643	239.063670003947	124.067542737397	253.156147895663	239.776990036715	627.196866598671	835.396967142546	358.237963155236	258.127594556343	709.811136185481	657.175623230175	312.094389034372	324.259440063852	354.096613863084	184.367527267874	178.992981885709	217.646737161962	346.265901885069	878.085140208776	805.977140667996	190.64125989144
ENSG00000187513.9	81.0995928240094	77.3445677668343	91.3095416448692	68.5708773797371	68.5708773797371	77.946494051104	68.5708773797371	81.1202713878999	68.5708773797371	68.5708773797371	68.5708773797371	68.5708773797371	68.5708773797371	68.5708773797371	68.5708773797371	68.5708773797371	68.5708773797371	77.936413448736	68.5708773797371	77.8921268757461	68.5708773797371	68.5708773797371	208.083529649872	84.5922554628549
ENSG00000188257.11	154.458715214093	396.217501878513	166.649861092138	370.458267648102	265.500522045518	828.299216624	214.522866938898	440.714995887247	300.493041403491	202.344602582469	200.087682185271	328.211812357215	166.373062685374	166.952311914212	155.421303692423	154.908608693227	154.8824307513	242.01353870143	178.692879234958	163.275825155952	155.309654702993	380.600673248955	138.763161884857	192.453076580877
ENSG00000196569.12	771.533156944647	1525.43149980301	854.104609892745	1238.94073004405	2161.7124375785	2585.64447229087	1188.7516458762	1275.63143850604	1633.42898573048	1636.39020114777	1493.99204318563	1716.7929566766	1276.1683655917	1336.52710435701	1765.97394335526	1230.14882115718	1062.27871697429	1139.4064484443	975.651617770964	964.117441971064	721.980828741683	2015.82040229444	923.124741561544	1965.09499000554
ENSG00000197461.13	625.075832267326	308.636683297532	1377.77463233641	244.43501638558	613.772016703686	527.43557749623	572.522644378417	289.022571701397	457.633816002489	298.643431049018	642.79248095316	372.978564196268	602.923933421645	587.581107758497	538.646524684079	466.192512398829	488.371653207357	372.90748816836	556.976233252992	387.185501612583	718.5018373131	418.378346739329	2308.62104401773	540.1891673924
ENSG00000197614.11	1716.71999942019	3873.79606917634	2062.92422955614	3921.45266394518	4332.08192044067	5197.33294829242	2968.22946056394	4551.98741199681	5188.94207155047	5428.15491279396	3713.9116824149	5495.00758189587	3221.25384970221	3574.82158339515	3088.81600799345	2908.34398099019	2644.39111476629	3695.64586148412	2374.47073989039	3297.31123141491	3175.40949409537	5814.56352356023	3429.3764213563	3312.95448884157
ENSG00000198121.13	1688.2767979448	2413.72132822501	1776.93333239607	1387.72914345418	1833.47105735701	3452.34424001603	1335.0434410305	1822.91644575727	1763.9395399039	1900.99600790808	1603.13047621432	2181.77201866897	1189.46227997347	1263.41281349289	1014.25939949565	1265.32774433444	1237.12841799601	2076.92210959876	1384.41519870985	1397.40603625481	1163.57854240194	1593.94634600235	1677.76523198017	1574.88151041875
ENSG00000198435.4	61.3719806742375	53.9082362158003	73.1508848275212	53.5414655034664	58.1551866048004	56.6079764344309	66.000075431449	51.7187061794338	52.2349145678402	59.8318509572908	60.1555318265833	49.8042861717944	66.7309008627778	61.3121662724205	56.3102580126664	64.5420929657967	61.9082328292993	60.0101103958589	70.2275827950648	65.6916953566162	70.0272115453735	49.8404527918389	76.2527593666288	59.0162872428851
ENSG00000198523.6	115.534758470327	75.7159974020968	103.253619967571	67.2446014078149	111.742197471057	95.9592070086655	83.3385643745729	75.6020124705947	88.6556002282883	67.2446014078149	111.176283867075	67.2446014078149	79.0540636138754	79.2997590984602	83.3033132123724	87.9225329840331	67.2446014078149	80.3740922827653	83.2990562642506	76.2442103263912	141.804424884105	99.1473707287757	126.29501840899	82.7033543525186
ENSG00000198542.14	1200.39834696105	524.580397990558	1413.01431349413	313.17936255839	2230.94786188053	886.635069943025	1317.38016565865	711.988755226198	1386.07615369537	1037.87994485269	1833.97586853653	1337.50119181508	2110.72312670927	1840.39040459739	2048.91711793464	1769.06213102183	1231.88510483641	601.94268330341	1205.51251666643	1146.20435910254	1653.99803760014	1560.49925011469	3183.11930167203	1183.15808418983
ENSG00000198771.11	23.5000126196982	27.6900362291987	30.1774321034916	32.9286813210216	21.5814753187335	18.0863441663414	24.5056732904098	22.1649001775133	21.5594180977291	20.5018065619086	22.5509091872296	20.594346096193	22.0611247714198	27.0531749124962	21.5552241918421	18.0863441663414	21.4398248647677	25.827381764882	27.7110537864806	21.611910832135	23.8156731449514	22.6702229842401	44.4691445709683	22.2577439324176
ENSG00000203805.10	271.152795346672	143.79880017551	194.027371687587	157.72534391448	225.813657659633	135.757710736163	242.084148933518	182.556585445553	202.710242388652	199.340841923266	238.871287259036	191.859057424606	227.313711167365	217.495343376056	291.509874296363	309.211899815939	228.966383423281	138.53637089843	276.509611416564	269.493430099751	202.364441890432	221.733927355626	128.53947633618	239.621595057138
ENSG00000211448.12	338.780693009644	346.967042272845	196.198110645794	142.140546289244	373.496578399585	200.058639103523	307.936047180164	172.115247601097	249.112384171071	132.156077517	519.28057738225	256.759280220781	225.799323676606	227.177046226518	256.123576194085	428.651529800023	191.316569075842	197.022149578613	591.311875966982	293.123124367188	386.111679465172	237.758468286683	924.041352791237	178.592666050456
ENSG00000213160.10	180.796814344001	129.433008873758	171.902200160801	122.00414260284	116.923885815139	116.285129724474	148.158282179587	114.40968820372	110.486167777872	128.555989076387	111.961904588138	121.064294155092	132.215643274602	138.501247729428	130.42753091548	149.61558136587	149.439664864973	117.742839235216	139.502268676763	138.402984546269	131.202506354584	133.471096851039	152.762052751151	126.292572652633
ENSG00000214357.8	80.3944550803467	65.1609956093857	84.4383019567609	64.3586040591096	56.7730301905201	50.9208263131209	93.1297973362761	102.340140065823	97.1675378979227	82.6914019744464	76.6913941404978	73.8303356569794	67.8286642853746	58.6312800281966	89.4075464079537	83.5417806035957	87.8352944167347	52.2396271492471	99.8078273311658	93.8572934749347	56.6252973627648	60.0521080946369	80.2839717260217	29.7136102835741
ENSG00000226445.2	1580.02627377228	2606.08638632635	1077.8812488491	906.202805102607	1445.252252908	2056.73486682051	1169.8513802498	750.732053310557	1731.02093979534	1018.98533889932	2240.84159430247	1664.83796096528	1246.99896008934	1794.84394933699	1495.6153377898	1890.72810205931	935.382178129856	1747.48498352122	2104.80002516429	2657.10413859073	904.562859875702	1449.42836082984	983.255130408966	1536.08693555382
ENSG00000253123.4	46.508306658186	41.2204570538196	53.7819153317451	46.4073847312353	41.2204570538196	49.5588089802374	48.2122680361112	41.2204570538196	46.8415338584704	41.2204570538196	58.245032223853	41.2204570538196	41.2204570538196	41.2204570538196	41.2204570538196	41.2204570538196	41.2204570538196	41.2204570538196	41.2204570538196	46.9246303654385	46.7969994563964	41.2204570538196	66.5435191036463	49.0752152359639
ENSG00000262655.4	2152.37458328964	2919.97379455984	293.812330697752	1048.77293711322	1385.04714848824	4059.30690809127	911.081428790713	755.964154502642	1060.47638650791	738.589280844469	1407.00384163484	2502.26363525745	653.089132653327	977.020083473509	803.250279445377	825.355958473676	652.440424972643	1319.67172858722	927.071479307607	1718.31174280108	586.131683876059	1229.3243441731	176.600032677197	410.0918276106
