NAME	S1	S3	S4
ENSG00000005884.18	167.78223331960691667	462.93375125440189777	2951.03324433880607103
ENSG00000006747.15	25.36616823293569922	47.93138246590268636	323.50388595660467672
ENSG00000007237.18	1813.88858863348491468	795.10567946909736747	77.57374249423985191
ENSG00000010610.10	26.08384495571814909	30.42919118299600001	616.48216720768959931
ENSG00000010932.17	240.00158126587189145	137.66029858417698506	30.53081885894274450
ENSG00000011465.17	94205.44418071646941826	63065.45776005946390796	5706.87781977383838239
ENSG00000017427.16	1148.42324780807894058	710.52818296184568680	42.46483904229070561
ENSG00000018625.14	12.46630629868700169	27.91392553594350190	173.64190784676992507
ENSG00000038427.16	22975.37529712056129938	11555.37259590129906428	4030.24157572427611740
ENSG00000053702.15	49.62602242273860043	73.41358426435090223	485.62215790853986164
ENSG00000053747.16	78.96288801746871400	127.92359661052898900	463.52970020308555377
ENSG00000058866.15	35.09231152925201513	43.33216260729311387	482.40546728480160255
ENSG00000060718.22	1284.17713076004838513	357.80062029504625798	64.42874227865540604
ENSG00000064205.10	1416.96951713777957593	513.41690091158500309	70.78567513204531281
ENSG00000069122.19	133.25308440466648108	224.79821035536400586	3572.18230531947483541
ENSG00000074181.9	1729.45835717985892188	2412.42922350476965221	15473.04074311668955488
ENSG00000075884.14	24.10692214552289414	34.24740833398859507	214.90476753786708741
ENSG00000076706.17	184.16537511158253437	554.25227426423384713	16492.86981943724822486
ENSG00000078018.19	77.51769549192182751	114.19308821314606917	661.12272222994715776
ENSG00000078098.14	3532.10429991972978314	1455.00310531937884662	330.32157783938407647
ENSG00000081189.15	264.33192002255634634	692.33312425260135115	4105.17479755421481968
ENSG00000082196.20	822.24956746557563747	312.35995421775595560	38.49571043545735449
ENSG00000082684.15	17.09477987783350272	46.80964330387332240	571.22924849247840484
ENSG00000086991.13	447.04188304142940069	137.95896844408099469	26.75691126296290179
ENSG00000087245.13	48367.48207504634046927	28109.39619736339591327	1359.34592278866944071
ENSG00000091986.15	55332.15940245438832790	27901.56871685732767219	4622.83919157838136016
ENSG00000095370.20	21.97235173940740083	43.12641080025979079	245.29639033176295015
ENSG00000100302.7	56.48338260059000504	79.10521739821339793	382.91311331763392900
ENSG00000100311.16	17.07633550141390089	22.19812046970049835	142.58978485095650512
ENSG00000101280.8	17.83566623821625186	21.29251040152060881	70.61385713893778870
ENSG00000101605.12	39.53975045900249086	82.35687266527999384	480.26932553417248073
ENSG00000103175.11	25.14630403759110777	34.35691100123258224	397.45560496864254674
ENSG00000104213.12	1539.33701836312434352	871.35784270472254320	129.71094626780796943
ENSG00000105664.11	1368.49300291031431698	497.84097398350729691	78.45878327988359047
ENSG00000105989.9	942.06313858251201054	333.23086630513705586	26.97351400131355348
ENSG00000106483.12	12330.20255766824266175	1835.84987710782866088	122.94206451323543661
ENSG00000106809.11	1034.62956825927244608	430.46281932563965711	76.35581263185335388
ENSG00000107099.15	28.75505394811050053	51.07309845968928386	226.26964925827942920
ENSG00000107317.13	281.73225036718343972	205.90809364520109170	29.96806393354044928
ENSG00000107562.16	5375.45871573745353089	4342.33318045018313569	558.72890043317022446
ENSG00000108387.14	160.68631121494951230	261.53443140781200782	1097.87345835776568492
ENSG00000108823.16	26.85672171469959579	57.89110080290919313	332.65092278451754737
ENSG00000109452.12	239.94468722935846472	382.63438981557663965	2129.46425199495388370
ENSG00000111348.9	294.24105329222334149	486.76252390182366980	1977.71579226310041122
ENSG00000111404.6	17.73260279972970110	30.48991555529550368	204.22680518975701602
ENSG00000112214.10	16.08226893386880008	38.39859316768639275	443.97774589072122353
ENSG00000113083.14	9273.93430017208083882	4960.27495762645139621	644.58801459584947224
ENSG00000113361.13	119.78375845877749839	432.36515517974720524	11603.26269837255313178
ENSG00000113657.13	3956.16294982274757785	1777.09414916863079270	324.80132382418281622
ENSG00000115380.20	10746.44484859455405967	8903.74978886338067241	1193.26193214121985875
ENSG00000115884.11	712.11727803549206328	257.12138608025492204	79.61799862389165128
ENSG00000117122.13	2083.05146712128498621	923.96784757694990731	134.92289656457745650
ENSG00000118729.11	20.45623641042565310	43.75195686932031691	479.69663802497967708
ENSG00000119630.14	115.75929862705798712	239.90723622363208278	1257.11579555930484275
ENSG00000120594.17	1566.99683841046498856	647.94668968877624593	150.21384819959649803
ENSG00000122367.19	19.84402950579995917	55.58161990773207606	559.55259572925024258
ENSG00000122870.11	4204.20775668481837783	2845.77793612337018203	547.26447020741375127
ENSG00000123500.10	844.26849828945864829	58.96507616543219399	21.24903703407714772
ENSG00000124212.6	6066.21804409552350990	2474.06610252525797478	263.80748678155919151
ENSG00000124491.15	141.44283316157245167	38.01255277950690470	15.54304475017490006
ENSG00000125730.16	11518.04025822110270383	6504.13845261655751528	408.40371051966843652
ENSG00000125810.10	17.54097997512649698	26.82746957053900516	173.65910453769049582
ENSG00000125895.5	10.35899753560659775	18.96704840119900126	146.76494278678950423
ENSG00000127083.7	526.20606670884649247	223.53988626559387853	23.42995021235645581
ENSG00000129244.9	27.76435536138984617	30.76288864510648935	305.14121936006040414
ENSG00000130037.4	12.15372500083479679	24.38666431249570365	230.28066043024040255
ENSG00000131055.4	19.33499791482275043	38.22294390160639921	488.64848952644763358
ENSG00000131097.7	13.77888839978839997	44.47094905505899476	761.73589979874714118
ENSG00000131386.19	835.06064856311081712	208.39072411034905485	54.05720545019188705
ENSG00000131471.7	90.09730707358414747	136.07617415286790674	1193.38898138361059864
ENSG00000133107.14	31.97443446884889795	45.38375712935531681	337.15271845979043519
ENSG00000133392.18	69.10840953440455792	142.39479593791099887	3031.67613937136411550
ENSG00000134853.12	8434.59656530166648736	4836.47181994953098183	559.27345148804454311
ENSG00000135218.19	363.06704457675846243	592.52548130640968793	2530.97967715522463550
ENSG00000135424.16	98.18367315458110056	173.69316162064495757	1502.43601913441989382
ENSG00000135678.12	268.57823931762209213	372.88201870118217585	1364.42160481061478094
ENSG00000135919.13	5464.02093331729156489	2767.14491677601745323	726.05017346538647871
ENSG00000136040.9	271.71125934031897486	125.77578036702199427	31.47399358695729887
ENSG00000136052.9	376.94936637134094326	256.67999595162979176	69.66694109348657094
ENSG00000137558.9	20.69803886009239591	54.50375310418668562	762.59607746358324221
ENSG00000137672.13	32.86900463900310854	39.92116451083258255	855.68230706819167608
ENSG00000137745.12	54.04654925152416212	26.38156831156641147	6.46728956883242123
ENSG00000138061.12	3550.28085344051032735	1244.35918223222006418	153.70686245594350794
ENSG00000138615.6	1802.60110302246130232	311.53187457147203077	27.77554686583715693
ENSG00000138792.10	176.25704959409500816	294.89611643644008154	1431.77974833280086386
ENSG00000139174.12	769.89397286234338935	355.26036245920596457	68.58918584957002906
ENSG00000139329.5	44969.40162326115387259	17952.04599500517724664	2332.18935522248511916
ENSG00000140092.14	6288.55655614817169408	3557.64102372652178019	277.46027351767247637
ENSG00000140285.10	3937.71745294174979790	2436.14581427903840449	524.02274907647961300
ENSG00000141052.17	29.96630419499520670	48.91174910883727023	524.30300546876753742
ENSG00000142910.16	195.65149040242044975	673.60728058098231941	7068.08943698055372806
ENSG00000143196.5	4301.57492926130180422	3058.68826618580760623	174.17129277542204591
ENSG00000143248.13	98.10459273317917450	632.83044076133467115	9379.06561468180370866
ENSG00000143341.12	1994.64238158950047364	992.44043549795037507	234.09721241168350048
ENSG00000143387.13	15101.62822817685082555	5769.67591601152253133	1491.57913600542042332
ENSG00000144810.16	2709.77554738483559049	1462.03425604201879651	258.70385047121396838
ENSG00000145423.5	3421.40832846665580291	1246.92788803259031738	84.77501002060174073
ENSG00000145824.12	834.70568063205905673	683.64264339593739805	84.56242930308194161
ENSG00000145936.9	37.09028393558690340	85.32417218579426788	330.63002032219594639
ENSG00000148671.13	803.40412976392303790	1176.85123987246038268	6233.27412134874430194
ENSG00000149564.12	26.85847451849895151	52.74736308323190315	705.78382628141127952
ENSG00000151320.11	26.19659328850695346	31.17633322873610879	533.70877712065146170
ENSG00000152377.14	3330.69519463754659228	1361.68684091028057992	215.24360242892251449
ENSG00000152661.9	4125.80131004583290633	1725.41080172407896498	278.29023798489890851
ENSG00000153902.14	47.81048267391920348	68.52494160101811360	356.98622482646976550
ENSG00000154175.17	4811.75476029812944034	3261.18692197788141129	499.57711687339292439
ENSG00000154262.13	1490.62621452510938980	889.67511503490993618	137.82737746632054154
ENSG00000154556.18	121.09622468975800302	301.12344148014199163	1192.99212845744978040
ENSG00000156265.15	153.83157976073849227	175.37396253774406318	2096.16275098575988522
ENSG00000156453.13	46.24825294560058353	58.42281547908319794	786.53272747568109935
ENSG00000157214.14	858.94007364423339368	507.71937617864892900	136.96145228956703477
ENSG00000157766.16	102.15951976728953809	119.63206932290400175	2912.39707361631462845
ENSG00000158270.12	1389.84479814555470512	745.63796553819815927	116.53670139858395771
ENSG00000159251.7	30.90970350266900368	66.11525905249278878	439.67425930971626258
ENSG00000162493.16	489.20726560131691940	148.82939759886698994	29.85202668051199026
ENSG00000163017.13	78.77357575788479949	199.40625947408696561	2337.65621665954404307
ENSG00000163531.15	86.54028384274849373	227.04336925813802850	3370.71250410155062127
ENSG00000164128.7	30.20548260569425381	75.44750391333749917	124.32767419263450392
ENSG00000164220.7	237.24785680542697719	97.19977231478230806	46.11736752477614232
ENSG00000164530.15	3129.47513847456957592	1911.79139426989922868	68.91041984556322575
ENSG00000164647.9	665.01402506889667166	289.84444803142588398	40.39395390168799338
ENSG00000164694.17	2230.20375611737426880	821.24830409142111876	190.70421357379044025
ENSG00000164932.13	4258.26708856551977078	1353.70657384785931754	156.10333675977398116
ENSG00000165474.8	182.37803478297053061	75.66558250242786698	23.29685806035179851
ENSG00000165959.12	93.52163652510658665	244.02705738127508539	1162.40384460077484619
ENSG00000166148.3	24.96265218556115428	65.36045144028908283	574.33999755060381176
ENSG00000166250.12	3279.40336915057923761	1817.01858199071830313	363.19576577580158983
ENSG00000166923.12	3602.65717808777935716	1972.80239015710913009	226.03603804946197897
ENSG00000167332.8	11.67631578968669714	20.96267593932579132	216.20174664080298044
ENSG00000167641.11	48.25174141533594963	62.82268363753061635	284.00715115621801488
ENSG00000169116.11	106.99062384795048786	226.07608370669890974	1246.81623933929040504
ENSG00000169507.9	19.31102576802650006	33.77971373879708494	314.17900366078004026
ENSG00000170373.8	45.47522770029589623	20.01577223571159792	8.85184220947625811
ENSG00000170412.17	35.77899240272640213	82.04772539927361663	427.17717858834589606
ENSG00000170624.13	1468.60242073994481871	816.22204081370784934	135.56514330484498032
ENSG00000170801.10	1845.29710372256477058	895.14634003243497773	120.68892365870996741
ENSG00000170962.13	595.23091762132617077	396.12153940638393124	51.73109683240149792
ENSG00000171840.12	233.59440138366505835	107.06265470241601179	16.59271689617970580
ENSG00000172061.8	1567.37002004315013437	227.30186930986602079	22.50273782073315232
ENSG00000172159.16	38.73631485703679544	73.04163509083777228	442.55097010235613197
ENSG00000172260.15	1701.45326574699993216	870.93754714159570085	141.71312009981201641
ENSG00000172986.12	504.70374746182307035	179.45396438423097152	45.61689296451290687
ENSG00000173068.18	1775.75238736493474789	829.76095352751156042	103.84005483015599225
ENSG00000173267.14	32.43522331547799098	60.75763957318260111	207.45833315635056238
ENSG00000173546.7	331.12751124051510487	665.62076536923746062	7858.19193136648209475
ENSG00000173705.9	59.42372972755419624	105.63257592025195208	485.09370724611244441
ENSG00000174348.13	2540.14283310504379187	1605.56435129707892884	244.92491003217509160
ENSG00000174944.9	15.92728802067110117	37.79705552477318520	193.15656524542043826
ENSG00000176971.3	609.29019589405083934	405.06393529817421495	82.17408940357195490
ENSG00000177098.8	33.79218625277839294	69.85085383604619835	563.76103777466119027
ENSG00000177464.5	21.81481979685440109	39.31362799906130334	517.64117048980006075
ENSG00000177990.11	50.15049357209644398	92.56591899097446685	801.53262960638062395
ENSG00000178031.17	1202.01573072919541119	598.28643566152766198	85.55365000906792261
ENSG00000178878.12	75.89148410768349606	211.81832504569004527	2889.51766926619120568
ENSG00000179097.5	20.12923790290535209	31.27665218191629748	197.66990524342301683
ENSG00000180616.9	29.32664201501535928	41.62276458488449293	168.48594151979699518
ENSG00000180785.10	12.53151935359870173	22.84224171435689854	768.74008359129061319
ENSG00000181856.14	21.41410074402350006	34.58883729638129267	172.76464357636396585
ENSG00000182253.14	88.20249856369159147	126.32492522695099524	629.99402249831632616
ENSG00000182963.10	233.57133078251698066	295.49288640124609628	4357.03410995800277306
ENSG00000183023.18	135.84087386689998311	199.35528191171491130	1695.22493022351545733
ENSG00000184060.11	16.73535291884809340	24.51115476254249614	524.74238158356058648
ENSG00000184254.17	1166.77605686415199671	560.73077003236733162	81.73725351070208944
ENSG00000184489.11	28.95896471194249244	91.78625066926507259	841.37577051326536548
ENSG00000185567.7	1556.10226339752443891	662.94699467064663168	113.82520188578797615
ENSG00000185633.10	149.72857093063205980	402.86510832833295126	7714.93931376264754363
ENSG00000186340.15	12935.27555410303830286	9173.25722878553642659	1673.21252423872965664
ENSG00000186847.6	146.19988382114598835	99.85195432467101284	430.17779032933617600
ENSG00000187068.3	57.61138009232313806	87.48782419618441963	671.32592246267495284
ENSG00000187513.9	11.08496373573079907	50.78955621196739401	733.26476307565837942
ENSG00000188257.11	493.84679446818017823	307.28376190169797155	62.66129417045029015
ENSG00000188643.11	2294.77871035778480291	1459.77646234546023152	418.05768495089057524
ENSG00000196376.11	13.35834236163200295	17.44286580974100431	71.72975248887105693
ENSG00000196557.13	36.56997560669449854	61.01443458595010583	469.07923290762164470
ENSG00000196569.12	2538.28017899622409459	1629.50326531694054211	154.98661511501353516
ENSG00000197461.13	228.37347733560153529	359.84044190003498898	1851.02923958630435664
ENSG00000197614.11	10419.64848697969864588	2312.68702391637907567	213.30812638456492891
ENSG00000197635.10	1207.30333248494571308	406.27862111450502880	72.85657624703159740
ENSG00000198121.13	1752.54545046208409076	946.79158496279512747	125.70963892467695189
ENSG00000198435.4	17.87468612290890135	38.44314340949939179	254.82128664429555442
ENSG00000198523.6	43.27232267514183661	54.94327517273949013	638.64195798399555315
ENSG00000198542.14	3788.65263478397082508	1844.81143927385096504	481.00414629156915680
ENSG00000198626.17	14.21375946304180005	23.86532716018570000	165.72830001029205960
ENSG00000198771.11	30.04019731896779177	67.14507514428809998	840.94750449736579867
ENSG00000203805.10	243.54779332393349023	86.37033528435787844	26.49590275179120269
ENSG00000204882.3	17.51221586767329796	21.41102259932349128	98.20138159132019950
ENSG00000205517.12	22.63389456773794706	47.34108722206340758	206.62403404022600739
ENSG00000211448.12	438.47598366358784006	137.97192193753102174	28.88069987022284835
ENSG00000213160.10	45.06961945840478734	122.05773265668692318	606.62829100949647909
ENSG00000214357.8	69.77117143977390867	100.97556945379599824	1169.41796681000482749
ENSG00000214548.18	9924.46171480488192174	6643.37883419821628195	1191.37831477769532285
ENSG00000226445.2	1830.82558843754031841	1224.06908175892931467	231.32659876621261219
ENSG00000235750.10	111.32886253545100885	257.69281571242521522	679.78701342885665326
ENSG00000250620.2	13.20621697875954936	17.91200167936529652	113.18514805014550006
ENSG00000253123.4	15.71109238009959697	22.74483903760589598	188.60862450203848084
ENSG00000262655.4	1035.11451257634439571	337.27043679193366188	87.11323081282181136
ENSG00000272573.6	29.28089011480419757	66.30715731042228356	659.04912298899557754
