GeneSymbol	4033	4034	4027	4028	4112	4113	4116	4117	4214	4215	4315	4316	4340	4341	4344	4345	3532	3533	3536	3537	4299	4300	4722	4723
ENSG00000005884.18	521.971207461283	298.745175590687	701.036249184176	222.661852252744	714.352088295463	218.531251003827	617.932924688054	252.474038061477	464.635972675568	335.543017758079	685.27455737937	227.7591435478	452.262102267632	344.712785721462	364.914322049323	427.204993007927	535.626567126838	291.146042825521	487.48324846791	319.838951008999	570.551234920083	273.37001964996	570.252418312134	273.512851383169
ENSG00000006747.15	49.692324917612	67.5327830745213	68.447927804076	49.0320427719678	62.5483706900694	53.6338963485406	59.52162605385	56.355603101555	48.5825875960786	69.0854284930566	45.2879522686168	74.1544879972824	59.210706803602	56.6512461194049	50.4311782459751	66.5377852943758	47.7336226158668	70.323118426053	56.3636517423056	59.5131174799994	55.139221185011	60.8366533713334	28.5750898348188	118.605567054171
ENSG00000007237.18	589.14408417376	1515.72482730245	501.994640915359	1779.38829892432	791.229417772741	1128.25561307738	857.274060722641	1041.29916388982	777.96906313075	1147.49768991215	689.259322556218	1295.3088101724	911.601269274359	979.230288854233	969.414564804988	920.830736149767	763.984113813794	1168.51632067017	682.276701667877	1308.57883369595	675.793270620838	1321.14623761469	368.899569602066	2423.50398187786
ENSG00000010610.10	125.128434081377	22.1056466051272	157.788670708557	17.7559314531266	55.163400640599	49.1869190929772	85.6967468888894	31.849099794763	127.989355607783	21.634847431988	96.4092474529491	28.4025687641917	58.8761280278688	46.0980124655193	55.7402598808799	48.6793851928259	64.3690118858244	42.1941666859696	68.1183147863871	39.8976150479829	52.8414777797885	51.3444941202666	145.668441160885	19.1400331357215
ENSG00000010932.17	118.437051598372	155.836976982408	123.679757728073	149.218274613989	135.845068071408	135.845068071408	123.487398368445	149.45109468452	150.572229207938	122.569494393807	158.102366467278	116.744201414828	135.845068071408	135.845068071408	135.845068071408	135.845068071408	117.676827655201	156.846173663125	135.845068071408	135.845068071408	122.084581920302	151.171375468439	135.845068071408	135.845068071408
ENSG00000011465.17	40103.464825695	75024.7081092779	50700.3642002212	59343.6115184234	41534.2385589895	72440.2088117618	46435.2038498829	64794.4734082408	58064.8419266807	51816.9405525535	44237.9951998662	68012.7156851309	49753.8118398798	60472.6128956739	59274.9660122186	50759.0793173593	41483.6610393733	72528.530472547	49069.8807319687	61315.4792368441	38308.640230186	78539.813977401	57615.0695123677	52221.4486023662
ENSG00000017427.16	384.090451037059	1047.76354476479	487.324396675975	825.390943046228	196.468418360451	2056.02157210298	558.911494100781	719.569549416624	632.474969847611	635.849225465126	387.837661054521	1037.61185967067	403.153874541672	998.088969535503	507.030938170948	793.269671214491	232.330067054675	1736.3296802353	386.784860436272	1040.44407432682	432.005222657119	931.282020427122	510.060869540902	788.551827655128
ENSG00000018625.14	32.6809900982915	32.6809900982915	27.2059428505017	39.286600265406	32.6809900982916	32.6809900982916	32.6809900982916	32.6809900982916	32.6809900982916	32.6809900982916	37.938124378038	28.1658766506593	32.6809900982916	32.6809900982916	32.6809900982916	32.6809900982916	32.6809900982916	32.6809900982916	32.6809900982916	32.6809900982916	32.4176522770186	32.9465137846319	28.5630695696504	37.4073296258875
ENSG00000038427.16	12564.2338274355	9324.91508261822	11171.8418005483	10487.0904795439	11448.8319430971	10233.3710949829	11932.7130727968	9818.40712055005	10585.0986505449	11068.400269797	12906.3608722149	9077.73597013316	9159.90974302979	12790.572848309	11975.489447446	9783.33666287801	12701.1697583455	9224.38348871487	9247.93109237161	12668.8280936734	9235.4096478795	12686.0052472389	12462.0530320189	9401.37070069875
ENSG00000053702.15	82.6220661454833	66.3344098926363	73.5159351195308	74.5388200712856	74.554111002264	73.5008599902777	84.6481321357335	64.7518842310651	59.9433952832701	91.4716953241555	90.2491603664726	60.7508433565105	68.6858288441646	79.786554128279	82.9709269673336	66.0563458649562	74.1523785246116	73.8990148658439	55.2073213197636	99.3755997683307	68.2148470519981	80.3386110657534	60.0957742532535	91.2384255909795
ENSG00000053747.16	137.280333733273	101.617081144016	117.53110152628	118.662282437608	85.082935031608	164.116112654772	121.670584725204	114.626253259183	104.673995959334	133.259187629818	108.701598892798	128.310656862759	120.768249712811	115.482198194345	109.159811452217	127.771086785009	85.8465686454781	162.645459955356	107.174390335195	130.142752321786	125.446291744013	111.179620614182	116.99093313111	119.210254470238
ENSG00000058866.15	81.0310338515687	39.361122548683	73.5439425581478	43.3282189952694	45.6840053991633	69.724632266851	48.3716842905977	65.8295503645798	48.006747509144	66.3323866083689	55.002355420974	57.8733610975941	46.5110674337112	68.4771965700444	53.8890749658606	59.0702580709467	56.0474348713635	56.7937156078715	58.5896760624658	54.3305382412497	54.972102897093	57.9052350876817	77.3900756181457	41.193407915541
ENSG00000060718.22	305.913417340552	539.617294336575	330.368888922676	499.598053831526	648.917841943658	254.528073239059	307.790261220968	536.319536844906	327.544922955224	503.912557620755	386.013528574045	427.513015960629	510.568078692303	323.282583083126	1050.78920209513	157.653125017035	270.565288122511	610.322337977222	453.638407368051	363.796240104182	447.927598711102	368.4306487151	336.101771990452	491.063300185652
ENSG00000064205.10	270.01404763477	2323.22133269236	502.910338309471	1244.86617758699	446.805081243574	1401.50100658623	302.685044514343	2071.35397435741	753.224643162741	830.866923829696	599.953134183517	1043.26600633333	787.51336313788	794.687282576798	998.854972691409	626.603706008856	242.835154070967	2584.75001622956	744.675719616216	840.407149827536	276.954441226702	2264.71553359492	420.489448897292	1489.42029989304
ENSG00000069122.19	890.23795029178	153.829920111777	2369.92455761146	58.686729373937	647.157199187813	211.21977659317	694.198935820784	196.969922566085	1003.85427183387	136.553904987524	903.732081928396	151.550243286674	384.458068770543	355.139266488006	526.058853184373	259.659708600163	668.226479659596	204.58885917444	804.791985930453	170.04369230689	533.960171569278	255.82737063844	1162.9915620056	118.041780904406
ENSG00000074181.9	2724.87062541559	2456.34535590677	4757.29438115765	1407.20134085654	2677.3306667489	2499.95955181819	3075.79298253244	2176.1257167115	4022.05335975235	1664.28952486947	3444.08594174485	1943.4715737138	3057.05922708216	2189.45886095077	2684.42804432327	2493.35012011957	1986.53220422377	3369.41089184859	3132.65186580439	2136.63514310414	2211.7877616304	3026.19210917714	3103.048466235	2157.01511956229
ENSG00000075884.14	40.6752390225024	40.6752390225024	40.6752390225024	40.6752390225024	40.6752390225024	40.6752390225024	40.6752390225024	40.6752390225024	40.6752390225024	40.6752390225024	40.6752390225024	40.6752390225024	40.6752390225024	40.6752390225024	40.6752390225024	40.6752390225024	40.6752390225024	40.6752390225024	40.6752390225024	40.6752390225024	40.6752390225024	40.6752390225024	52.8975372352909	31.3149543127706
ENSG00000076706.17	509.879116935229	1036.01082770176	1036.93979788578	509.4228551504	539.53801373659	979.00171969899	370.161398557534	1427.83628400559	378.856084055144	1394.99487668723	479.796215504376	1101.05217053136	890.499562877664	593.114461722922	997.812565554248	529.37663189143	431.397716990926	1224.78029952013	826.040269370411	639.372031562795	461.826340510947	1143.95688160566	1624.218358223	325.511933162864
ENSG00000078018.19	198.494918261694	94.93090864738	301.586914202956	62.7729911687386	143.466754519834	131.18366172528	184.158765111756	102.274691161632	158.657317175478	118.643754816865	167.844755732287	112.169042286336	148.287558843347	126.923471768092	121.879538818124	154.435328247841	160.128653805194	117.556504060862	142.469965328898	132.100810930415	126.058373712154	149.306685792031	183.398159683676	102.696607756307
ENSG00000078098.14	1682.10594321479	1406.16045530693	1858.67936993375	1272.60018173649	1641.05209910054	1441.33432771176	1878.02919461985	1259.49171237676	1750.34200989621	1351.35010726544	1768.749541637	1337.2890505658	1374.93879636038	1720.30794890137	1562.15117927489	1514.12896721467	1425.91460277162	1658.80000716004	1365.74503922891	1731.89033389337	1355.48560692116	1745.00090112326	1728.75923675303	1368.21825477827
ENSG00000081189.15	513.619834295477	834.021254617926	731.253458644948	585.753746345133	464.543898925184	922.227432616071	507.293375851465	844.431647093084	570.570843742419	750.720804695818	592.037467645454	723.489248561271	666.039524024122	643.093001277961	732.525595912814	584.736902375878	501.831617788832	853.630755374188	532.654537723236	804.193620298137	573.775473774738	746.525911925879	725.62458058005	590.295876013795
ENSG00000082196.20	398.944888886729	229.698391966681	410.294488029445	223.361594979155	423.027553409846	216.658444826417	263.814083859608	347.261094851185	287.164685064595	318.999830495283	324.634917990722	282.182834113033	328.076842474245	279.224458857072	349.729410085537	261.954580430243	359.472718251476	254.864793799282	300.598168534065	304.740140696648	280.315718238955	326.798716543455	219.768477394749	417.022635985047
ENSG00000082684.15	47.8664968386976	47.6408774883522	58.6353394537501	38.9258819103789	47.7343286618042	47.7727814360108	55.8290145353394	40.8672415687193	47.753551096552	47.753551096552	57.5692390718881	39.6407079236656	56.273464747757	40.5466455683632	37.589124164067	60.7407308152295	47.7535510965519	47.7535510965519	47.753551096552	47.753551096552	49.9027342130375	45.6988007259918	88.9789530332335	25.8409946624467
ENSG00000086991.13	256.826914669052	147.802595180089	279.906558141587	135.665908697108	254.307590423008	149.261453746004	272.525519198002	139.32264880943	244.779484034708	155.051868240383	275.481982641002	137.834310112631	205.152942950545	184.940162893983	194.389107535496	195.177312455811	215.682438762607	175.920462663578	185.894163708161	204.099420644149	232.448525684093	163.25427019761	85.7913957171367	444.372852915521
ENSG00000087245.13	24226.2562052756	25853.4042984433	22545.5582499608	27780.7077962199	23862.9388128824	26247.0287763917	25541.8195972191	24521.7914052375	25186.0614758334	24868.1660219036	23864.8759002866	26244.8983199535	22977.1565207063	27258.8747015426	26080.6054434948	24015.2101479588	21554.0533386248	29058.6640767009	22545.8654241462	27780.3292956369	22597.0158750752	27717.4451534269	15968.7000251769	39222.9120328677
ENSG00000091986.15	29761.6707979629	32722.0609710516	30297.607856401	32143.2358676585	31976.0658102367	30456.0026527277	29151.4415804428	33407.0372634673	26882.6806964831	36226.4448195346	32231.4168434565	30214.7177259635	31728.5864768527	30693.5556070584	34046.1302055522	28604.2319152768	38586.0570021122	25238.7746928306	31762.594625703	30660.6921189916	30298.548641226	32142.237802145	20527.3002562095	47442.6602934607
ENSG00000095370.20	46.554589950598	42.0340631434612	61.2626593258523	32.0306209557189	41.8418989487965	46.7690077279787	46.7232863188616	41.8827234420794	56.6705691715434	34.5847790835638	51.02059925678	38.372768940109	44.235084428029	44.235084428029	40.4383369821504	48.3987130367388	37.668413114609	51.9824698592198	42.4063074773259	46.1449196709623	37.3700072899142	52.4012552888202	65.8075843010886	29.8599723502657
ENSG00000100302.7	116.070296332368	73.6129690156335	61.9924026559352	138.036300375814	84.717790814152	100.79470194557	63.2801928414018	135.196416604538	81.8519342500171	104.333986539652	86.5563411771617	98.6493247023463	80.0989599182601	106.625682532468	87.4843886287836	97.6011381125162	87.6686442015619	97.395708204771	102.666699569099	83.1770648932207	61.9382409318682	138.158382149651	51.782119387189	165.679805889882
ENSG00000100311.16	18.0355047834954	48.5692172655422	32.4700587254696	26.7611041247827	25.5002713795026	34.0889056224289	29.2427918515104	29.705247690386	26.6222891442878	32.6404992680397	32.9205953557598	26.3973806266599	34.3951181456989	25.2755080462608	27.9989956845519	31.0275157273335	27.9394441850373	31.0938821187202	28.169798187559	30.8387782447203	28.062199391226	30.9573981481814	23.3033885946892	37.3459950973802
ENSG00000101280.8	21.4281802428146	28.0071807664626	24.5498209305116	24.4276173043839	25.7314240828331	23.308259208991	24.354376283934	24.6236743853012	25.9657691355346	23.0988404623138	21.3335043537763	28.1329014980551	24.4886397081706	24.4886397081706	24.4886397081706	24.4886397081706	21.3036530963111	28.1727840712817	22.6866975026079	26.4401747984282	24.4886397081706	24.4886397081706	21.7090491007274	27.6409705247622
ENSG00000101605.12	77.0023697494175	102.205407799416	96.2106546898518	81.7878865199712	65.2978820243602	120.626874921315	96.5193531980617	81.526790155726	96.9209571659448	81.1896295640403	82.2292924979395	95.6932858328827	95.1482228479638	82.6995733837333	96.1331885076372	81.8536731302694	75.0778950298025	104.8344972611	83.7945238885548	93.9031455704653	82.8003585276972	95.0322266207987	121.369679663149	64.901055631709
ENSG00000103175.11	82.1996515349364	26.3702629858271	111.810770430375	19.6536836234522	51.476726709826	41.7277537940781	52.1417480809099	41.1988556718442	60.7684941636064	35.4093993685434	75.6012313478392	28.5975321025114	50.4426616738754	42.5785708626038	50.6722267746801	42.3866116189392	42.5021316941248	50.5338196031475	67.5432724339442	31.9196067378046	53.5913050707093	40.0925991096129	139.04902924242	16.0303913127912
ENSG00000104213.12	1163.98855227342	739.236932692353	1350.14173155177	637.399714976893	742.979481967839	1158.12134935571	1122.03277144638	766.861376952709	888.746133294648	968.105003520514	1001.59286141004	859.036435494238	695.351219773864	1237.51018206466	694.31292460873	1239.36240944782	840.557263883134	1023.61809809579	1013.07122229402	849.305696010147	889.263147464953	967.542080189775	1068.65400150418	805.146327516699
ENSG00000105664.11	336.02143025335	924.317484098953	174.451551398182	1787.67789142593	345.183394444487	899.707363425082	356.180319173953	871.848466620046	569.001983680968	545.417656114328	390.380825466808	795.283320985321	562.539986201367	551.682381539612	983.593667876817	315.839492956464	215.809855675479	1442.45391438409	330.37670238082	940.163096153254	353.642915464328	878.12202649263	230.73325063655	1348.53647706922
ENSG00000105989.9	248.782230290755	627.964605543929	208.17915619609	751.059832077947	289.421875719501	539.534018585249	293.087254926974	532.77038432502	513.531141848705	304.043015724716	331.420775015781	471.040272048959	317.137329069863	492.288732587169	353.344093789093	441.782922101211	201.4779717579	776.184129639202	312.508558019146	499.593394182025	238.175570870331	656.043295604117	209.154231586723	747.539277259158
ENSG00000106483.12	1566.52080707792	7558.42609262247	1119.35316534858	10581.8851883628	1268.42678797904	9336.72792968874	2172.33349797917	5449.41209817212	4201.89809879146	2817.05151790558	2140.04464257367	5531.6705950097	1830.0870125937	6469.12071462301	3420.16750648039	3460.86608933674	994.636379058646	11910.8899687395	3276.90422286571	3612.17595998629	1775.77775912373	6667.10227244864	1009.5561188121	11734.5787057839
ENSG00000106809.11	683.464722271737	485.055542591506	433.829980381397	764.254371884458	335.648627993288	988.29652173623	455.829191605055	727.327702902057	394.622837962568	840.306572771234	359.289941451611	923.115117506483	524.504456136664	632.03075430996	681.877969242214	486.183417538182	570.889631534669	580.666623920188	540.258222252008	613.594553659838	477.252401783229	694.648576641273	355.946794853451	931.804883037889
ENSG00000107099.15	60.9337898723196	51.6091347162073	57.2678332804087	54.905771730095	42.867642147872	73.4563002359146	52.6237238108938	59.7555670023034	60.4267947779506	52.0407779641379	61.7973498521148	50.8905218039921	53.9088980090831	58.3281113386856	54.7795670790995	57.3998878195852	41.2657122494515	76.3421405668113	48.6121824284694	64.7079367452528	61.3564314124297	51.2548593404421	69.2306891512443	45.4581471241061
ENSG00000107317.13	176.750878301512	211.828211475048	191.015771966609	195.997154488156	120.67820531515	310.776033872859	186.897238506226	200.317786783578	209.485850999884	178.724657252272	194.642478744344	192.345016829991	179.789346163387	208.24387081277	168.231311530415	222.574859924421	173.209208344669	216.166219873463	208.616979263545	179.46815703231	171.332719316233	218.537941864358	166.379861924416	225.057156464474
ENSG00000107562.16	3840.82599250229	3645.09107445656	6378.87319327164	2195.0389787742	2998.6938771497	4668.84690567877	2988.30103547105	4685.08747068736	3138.46494696931	4460.88669452729	4840.24347628	2892.52894520279	4756.07284535282	2943.70867231066	5400.56036207862	2592.49994266563	3688.52060362426	3795.60242992555	3499.36190387374	4000.78156027292	3894.48588382695	3594.86881829995	6710.7409195416	2086.54078119834
ENSG00000108387.14	197.120710379963	268.006731882318	205.055796878563	257.620952808265	203.6982840391	259.340002119886	232.7400391742	226.961461715084	200.450600234807	263.547684358249	234.233148814114	225.514949177821	250.265810405194	211.075701303389	264.308727469627	199.874286175379	190.790027034049	276.916167106453	191.849158159011	275.384386526479	197.574701066277	267.389889525258	256.443838276619	205.995898733306
ENSG00000108823.16	77.022406862164	48.2407558634872	94.5466477825889	39.4124150974472	38.0218310712647	98.0739774352327	52.1816031615785	71.1604953909767	67.1736307496951	55.2621820250323	84.6032096563741	43.9661123779623	56.6507634375805	65.5214383805684	56.0043928576632	66.2800974255048	51.8373353623887	71.6361936934652	66.3478854893325	55.9473709556635	60.1537645756823	61.6993804343832	76.8651005863033	48.3385333481008
ENSG00000109452.12	290.862087772492	307.777804453607	293.580384428187	304.927375039913	329.312554655188	271.853273064317	294.703782447679	303.76480516265	350.683860358532	255.306763006813	340.384744421337	263.020209561587	296.465965779718	301.959016510382	229.552896326338	390.117473125861	225.482293382626	397.180261149031	361.407179296438	247.744733006293	330.7423911366	270.679184758061	167.602079399186	535.070189490351
ENSG00000111348.9	652.078650830878	361.886456494649	961.215017632612	245.788902385608	658.072969008419	358.595855386389	480.650583303805	490.832500152835	642.172838053071	367.459229311621	664.23888477045	355.273156269991	520.57118464558	453.198568041782	526.409987860779	448.173964039578	591.910430693611	398.6169495112	650.233212003819	362.911757863999	597.643114340598	394.797838721663	1182.5798967997	200.001733495485
ENSG00000111404.6	32.6778849932527	32.5639804382107	38.8453988183669	27.4156017472709	32.6072236861412	32.6345455788188	32.62088169707	32.62088169707	27.1241591856521	39.2667641469711	37.4381435999054	28.4375639824663	28.7888269205415	36.9782067599449	32.6208816970698	32.6208816970698	27.1544314562913	39.2225625472383	32.6208816970698	32.6208816970698	37.1310219499851	28.6711315211054	32.6208816970698	32.6208816970698
ENSG00000112214.10	52.5348552197254	38.89396958924	45.1945141022477	45.1945141022477	45.1945141022473	45.1945141022473	45.1945141022472	45.1945141022472	45.1945141022477	45.1945141022477	45.1945141022475	45.1945141022475	45.1945141022477	45.1945141022477	45.1945141022475	45.1945141022475	45.1945141022475	45.1945141022475	45.1945141022475	45.1945141022475	45.1945141022475	45.1945141022475	55.1941740058852	37.0303219572854
ENSG00000113083.14	3522.13227164353	6063.7639111764	4186.138293614	5101.83750655678	4932.53426904068	4329.81575338033	4232.94653753475	5045.41809657551	4369.32583426154	4887.92982662647	4648.06510808736	4594.80217503759	4429.38588446579	4821.65037578923	4439.64852275965	4810.5044521788	5065.71172920158	4215.98986906122	4724.15205548812	4520.79909414443	3842.79383769418	5557.71196679096	4211.86615859237	5070.67166789579
ENSG00000113361.13	1442.35152219109	141.939709908022	2567.21328506909	80.6423330356753	1141.73420873494	178.843481309672	1380.6522858869	148.200326479831	764.429621295414	266.372922830711	1374.77730064764	148.825832026427	471.174567670804	431.644021522086	680.176614491092	299.223626128722	1726.62444819789	118.886379719157	487.504695995839	417.192343283987	673.623603503967	302.124132952081	1343.6163841132	152.235178735248
ENSG00000113657.13	3779.16582795575	1210.23112197823	2877.96923231878	1588.96437395336	2323.20903928472	1968.29748367673	2680.08111421572	1706.24966103821	2215.42920437966	2064.04753113613	2079.87770282813	2198.56670346624	1910.39163131434	2393.6361471845	1932.87008244867	2365.79564818935	2878.67518502145	1588.5748445719	1945.85724670605	2350.00386743401	2193.46701991445	2084.71314435864	2455.2652061556	1862.44642673063
ENSG00000115380.20	5580.65794139251	14248.8767582364	6524.38465014242	12187.586578549	5074.85874685838	15669.2909147964	6595.33629939547	12056.4613364248	11552.7212889593	6882.88999561648	7801.26850960723	10192.6352950028	7879.10229400113	10091.9431618208	8568.78242997706	9279.6474186433	6523.11074709062	12189.9669428961	7401.903759893	10742.6008233381	4739.33248432435	16778.8558408667	5657.99107363625	14054.0938388658
ENSG00000115884.11	311.224859032505	357.878544213734	199.798957892855	558.060266107199	430.958111848712	258.512072496295	291.315367252941	382.358093146777	240.635148971455	463.053326829229	282.723742145827	393.991829159701	347.609301979901	320.415080894151	369.737629509034	301.249316998558	425.642473068898	261.733927593314	306.018494919282	363.971072290499	367.104426623515	303.408427425474	151.460382563486	737.34779117491
ENSG00000117122.13	1274.41969752821	756.949568647168	1228.97754700629	784.921072059718	1143.15552419399	843.820365688066	1057.32399633505	912.300294434283	1019.20999216605	946.41160810929	1147.07700435618	840.936711364886	998.801766338562	965.748067464823	1100.62034818111	876.420225868295	1001.25960237376	963.377508241813	748.748632805282	1288.38752052087	933.697430237432	1033.09010182643	1169.5923509327	824.75470954547
ENSG00000118729.11	68.0037596222267	38.1586505527998	76.960150620574	33.7714538047317	57.7157847880071	44.9048995323054	64.8005039343515	40.0262699384591	60.6692778540258	42.7305017660302	63.6888539507043	40.7189427128177	50.9016600904369	50.9016600904369	50.9016600904369	50.9016600904369	57.4014660320489	45.1496897070897	57.475035630155	45.0921501583307	50.5444194572481	51.2614718793375	68.5936223402914	37.8340075347173
ENSG00000119630.14	118.215062389457	373.62219528176	94.330885765683	469.484239292568	128.150644496033	344.41150048609	86.5181685525802	512.570041015142	147.519108616718	298.908446413857	132.578495133394	332.82194812643	214.565279282067	205.311732772795	259.720507078334	169.67368090398	121.981641177583	361.980555454923	189.327162266501	232.698470942557	132.679666287578	332.566294187135	97.6065026040512	453.510482795952
ENSG00000120594.17	1766.26314827149	417.122680073962	1280.33249495762	575.074934021093	1306.77247025289	563.455113643584	1747.85309506507	421.504746102919	1115.19793960569	660.131151911308	1098.55960921546	670.120935495946	767.393063689039	959.235078966787	1130.5439215395	651.178296066198	1507.61879928788	488.507533869469	754.773528008947	975.279321408659	856.28349027333	859.640265405037	1063.68668690145	692.074201622198
ENSG00000122367.19	59.9375953421816	51.452790650126	61.9597338316875	49.7797188401714	56.5816054591222	54.4985844378027	56.7107148940479	54.3746102177991	61.3499320846876	50.2724295293744	47.6708638522908	64.7155291649812	54.9984236347789	56.0670860670066	53.3856161373741	57.7625959890615	53.8832253703777	57.2284189242204	53.0693008155878	58.1074737748721	53.5280645388407	57.6086437132115	125.418059574194	24.9262327800645
ENSG00000122870.11	2196.05900266179	3091.00120801576	2243.32104996077	3025.86852026472	2310.10389734976	2938.38034397754	2514.01075613717	2700.03337259882	2804.74788679684	2420.15656007882	2523.21109468527	2690.18791228016	2342.5502547361	2897.67600465376	2458.43443388366	2761.07466042029	2067.42259372785	3283.37111996853	2387.10486446945	2843.58582501207	2172.40762788405	3124.66029976883	1939.26416715649	3500.42459889406
ENSG00000123500.10	308.238752049283	72.8150356524079	154.505500310745	144.535111169315	339.75536273451	66.1603786308598	130.965998516197	170.539600150891	163.965374855682	136.205819028121	230.501645435356	97.0532200967973	339.802548372258	66.1513443831953	218.531171138438	102.327183567915	207.425289331894	107.768186905409	227.895710315515	98.1538843011882	280.254372490013	79.9841341836275	79.7639901448971	281.037543864506
ENSG00000124212.6	3727.44640633738	2942.75773312058	2106.52176352623	5207.55349686149	2417.56383623483	4537.35577197381	3051.56217968525	3594.53270898724	3750.56022685628	2924.62395417947	3132.42108103729	3501.74006510607	2056.20097957018	5335.04655077154	3114.20389317784	3522.2251829849	2560.2773254902	4284.38020133601	2878.52456384988	3810.6315934253	1692.44773106212	6482.31908067982	5670.94345046975	1934.46035030445
ENSG00000124491.15	54.9412327034067	54.9412327034067	66.455877370847	45.4472674352521	44.7503674289958	67.4972597168414	54.9412327034067	54.9412327034067	54.9793165927086	54.9031756049351	67.9118491754657	44.4789434082526	54.9412327034067	54.9412327034067	54.9412327034067	54.9412327034067	54.9412327034067	54.9412327034067	63.2260264524281	47.756674200246	63.2684632989363	47.724781879962	65.9632435380407	45.7847061371289
ENSG00000125730.16	5759.94241313333	8975.26212856821	3453.10517969473	14972.7853055741	2712.29381548234	19064.2901373347	9465.07693201682	5461.89713342427	8038.7712480956	6430.90844108403	4190.95894462538	12336.0017346076	3848.5081953764	13433.992722656	7327.55249395105	7055.08067991498	4181.98526412594	12362.478616493	4425.37469777766	11682.4101107113	5068.09881889445	10200.6266960302	5969.72244678362	8659.83932094271
ENSG00000125810.10	41.3246413526455	28.7856562656523	59.1364332801585	20.291748775893	38.9841060428808	30.4959283676558	31.3050514370485	37.9692063442385	31.5286024563975	37.6983216096725	47.237793816056	25.2380804593473	35.8122711768044	33.1818360747618	32.9665523275169	36.0467860863109	41.1478428442508	28.9078636264619	42.6122304169028	27.9270527492157	40.6615247702559	29.2496550640984	54.5380253157223	21.941927081813
ENSG00000125895.5	34.5799866667386	16.05824892836	27.4714301163439	20.1188929259647	20.8107000499293	26.5487100103396	21.0734504906845	26.2148031906292	24.6805365133153	22.3754271190038	21.5877929299013	25.5856688228531	19.3851208401699	28.5254101179563	21.2324718130136	26.0168994746557	20.8922709357038	26.4441113190674	24.0653770052886	22.9457946828583	19.7862203054424	27.9391532919607	23.2851395857838	23.7142273122948
ENSG00000127083.7	216.072976655089	262.007662486245	202.616285462483	279.436652047617	203.534109768707	278.17414402265	156.380460820875	362.390675878404	196.866420217694	287.615677298538	170.429335417798	332.384023613944	248.323645343221	227.969588098969	259.580905120934	218.090753067787	194.890855174042	290.538080677781	209.751811718743	269.914361946956	157.171626944715	360.556976156567	176.985316392866	320.024892459083
ENSG00000129244.9	38.4052729377529	51.5606629329616	43.1978473960368	45.8255466894228	47.4845812479367	41.6907462933609	50.4517935035406	39.2457855612733	52.2380662982174	37.9095941283423	38.6726772182858	51.202561898024	48.0202506833244	41.2266903673434	50.4323448176451	39.2608617590525	38.259571418555	51.7579271975331	44.0730342529252	44.9150171284492	42.3452796339663	46.7493214369136	41.7507634769219	47.4161860722964
ENSG00000130037.4	28.4705032523806	28.4705032523806	28.4705032523806	28.4705032523806	28.4705032523806	28.4705032523806	28.4705032523806	28.4705032523806	28.4705032523806	28.4705032523806	28.4705032523806	28.4705032523806	28.4705032523804	28.4705032523804	28.4705032523806	28.4705032523806	28.4705032523806	28.4705032523806	24.314711369423	33.3575431748973	28.4705032523806	28.4705032523806	28.4705032523806	28.4705032523806
ENSG00000131055.4	50.7920577989943	50.7920577989943	58.3241932102599	44.245110284169	50.7920577989945	50.7920577989945	50.7920577989945	50.7920577989945	53.9532161582912	47.8186848484713	50.7920577989945	50.7920577989945	50.7920577989945	50.7920577989945	50.7920577989945	50.7920577989945	50.7920577989945	50.7920577989945	50.7920577989945	50.7920577989945	50.7920577989945	50.7920577989945	84.4051173084856	30.6818231881049
ENSG00000131097.7	46.2924679029018	69.3428197543258	65.2912373230458	49.1510920757317	56.6413711748601	56.6413711748601	42.845235487065	74.9607312910489	56.6413711748605	56.6413711748605	45.5239422728446	70.5203300870356	49.0515264019034	65.4242905551893	60.5189328799934	53.0154482119886	65.5859750456961	48.9310856711382	56.6413711748604	56.6413711748604	56.6413711748604	56.6413711748604	68.6921958405197	46.7285380151597
ENSG00000131386.19	202.83452900218	692.349994668171	213.89140661316	656.412184894997	274.763284870294	510.599870439938	268.387314296796	522.756908032726	424.970726493245	330.037495288951	357.089326380232	392.758485662713	284.703905018038	492.737211081416	326.363299979681	429.759287645714	171.825547769816	818.001703659141	398.177948928076	352.230855917477	264.641756120166	530.172998527507	159.121160639567	883.742701840422
ENSG00000131471.7	307.046152691637	99.6415915243187	339.391663866256	90.2295563511567	144.758702176145	210.914963627781	198.13537767622	154.074224807411	289.14957931431	105.758297125957	269.355761210475	113.474685102077	181.059347093139	168.588013431192	176.30478853955	173.133021141914	164.356564801904	185.724025357405	266.514572536536	114.676813863353	115.605573584503	264.360385004238	303.232618394261	100.884185761745
ENSG00000133107.14	59.1364981521465	63.3186956871542	95.5931810628293	39.309464750055	59.1757569675609	63.2766380852333	48.9139775821408	76.6185533760172	68.5060556489235	54.6697905644446	101.482330363388	37.0667646074926	75.1251438019605	49.8788499479211	55.4555313266599	67.5317910403558	49.9949952688084	74.9493482389095	91.5319644518387	41.0262168196434	57.2210304616438	65.4421437902448	80.2468430788206	46.7214248774472
ENSG00000133392.18	407.905787732701	96.7700739201335	293.546458506947	134.142356269254	202.448888127573	194.313705939609	203.937908081955	192.895385662775	367.608214932119	107.276802564496	335.22830364686	117.556490851368	206.847558023343	190.183180182846	186.433709487993	211.010333389662	170.230467795801	231.123675789763	285.252740146541	138.023303338438	194.609728767721	202.140864568102	850.2072947336	47.0125915998873
ENSG00000134853.12	5000.42448326451	4931.71074911014	4776.96798335504	5162.40786487761	3706.33020054562	6653.81491805405	4762.7643627037	5177.80365390199	5387.33597877397	4577.52998759087	4182.51712425792	5896.17384060307	4247.26285523442	5806.28381088422	4904.22514759746	5028.44938198553	3886.71139210184	6344.96770583913	4314.24888886623	5716.12403673017	3606.54687235256	6837.94011272716	4219.96213687291	5843.85045187989
ENSG00000135218.19	676.336977718314	815.342178833285	1679.27884836969	328.774021289056	643.856857309922	856.489573425857	728.706880090986	756.735592069576	1386.91922220073	397.869720715799	1009.53631031095	546.315211618328	821.406688127714	671.345128474361	580.656350854191	949.776340225258	340.735231432121	1620.14724600182	1211.5340097169	455.343015855536	548.334905330747	1005.81402335463	926.954985447583	594.940597627895
ENSG00000135424.16	284.906055485694	151.871523905781	443.788423129768	97.8026182467215	178.259190977681	242.619038209129	213.411199152434	202.627570769938	270.441561431242	159.964586662416	360.211761701152	120.275722692335	211.087246652027	204.8578297197	183.995574439969	235.042393035417	143.384440402053	301.844550251144	297.778866758276	145.333114865439	216.180044825665	200.033319916127	437.046460007768	99.2957042081389
ENSG00000135678.12	339.548285668197	373.126272794767	284.006907747058	446.183077927801	272.611303949749	464.872118647533	350.135314078552	361.841265140668	315.012341064734	402.208950858469	299.286693060671	423.36810137282	291.118053248442	435.2656894164	242.227496136952	523.348263790201	253.950325489625	499.119334224312	325.456247213595	389.291349939484	312.296322107756	405.71047514347	199.836848700068	634.862717979214
ENSG00000135919.13	3365.80735429705	2449.17300499583	4324.60482108672	1906.31215395887	2402.34311284142	3431.42972472075	3550.5044608886	2321.79037115997	4122.41285235273	1999.77268451573	2936.95577132522	2806.76411228051	2353.98081931261	3501.94164924014	2150.94113189098	3832.59568377125	2173.47693967635	3792.84576601223	2854.43340571453	2887.90765324244	2172.69054655386	3794.21895561776	2849.64489649401	2892.76049116274
ENSG00000136040.9	173.497901164588	115.417759462199	153.333980272239	130.553625067597	153.318118519936	130.567111885138	180.624084710616	110.882539935274	182.315615799019	109.858458493014	172.382015023201	116.162138152922	140.271030243154	142.703305928297	151.050651110005	132.524470489625	222.150805708937	90.2762583623677	148.075338204345	135.184595662308	140.357809629313	142.615063061695	125.41667665682	159.626171414972
ENSG00000136052.9	281.389974865675	279.488916804001	259.379247791481	303.214476006142	283.932790310418	276.986076912867	304.592429867599	258.206686024024	282.181133129044	278.70534066453	276.300798743355	284.637084065091	259.485245305709	303.090528177653	310.383600452822	253.393012971711	301.094498921856	261.204275732729	290.536270598174	270.691916338098	287.138863915959	273.893865279789	196.562447697426	400.336163517291
ENSG00000137558.9	93.3828962476063	34.1398518695257	73.7852573632681	43.0505311526731	60.2690683260083	52.6341196194747	80.1045526209834	39.6945650282525	56.3198164121588	56.3198164121588	74.1283281276337	42.8534329815057	45.2962332646557	70.0923405153819	49.3248570516163	64.3291981007187	96.951109374325	32.9093767413308	57.4359217352777	55.2258195767861	62.2161924255404	50.9922300767291	69.1871283124833	45.8838678111498
ENSG00000137672.13	171.173139077824	31.3825138676637	219.798131787666	24.6638481751501	88.7379085255251	59.8345501325019	103.352225572447	51.4424722799925	145.299513688689	36.8074049030764	117.393989155565	45.3670175587898	71.6059226645687	74.1046757743797	57.3036964433138	92.685252989527	74.9623361475344	70.7872557355181	102.275356722227	51.978068080885	104.039217521489	51.106645211444	220.355228953024	24.6041643229318
ENSG00000137745.12	35.167211852319	23.1855589076607	29.1787669996048	27.8840168442729	33.6970652162685	24.1778506751947	30.8490264638823	26.3816689540571	27.176502232733	29.9411444439897	29.051525178609	28.0058949469422	31.015094061711	26.2415445164244	41.1588331634992	19.8999032152288	25.85414663219	31.4841028768375	29.1678263968977	27.8944524390442	45.4876892009921	18.0816510498014	26.3186941898957	30.923429941443
ENSG00000138061.12	1180.04761662694	1570.20219384325	1518.40194824649	1220.29310022244	899.170354101632	2061.05686328973	1504.47022875664	1231.59056124629	1725.57869976909	1073.8367359531	1305.00682124096	1419.8193280197	967.351580031559	1915.66363258232	1000.25157324673	1852.60705436218	672.885382707617	2755.27547065519	1008.89164038723	1836.73027910539	1108.74421283533	1671.22363841187	2610.2197396618	710.212984047415
ENSG00000138615.6	450.220245533486	1006.85426093744	651.183157962513	695.987711563999	500.903901211319	904.892073913878	728.535845759508	622.094777934021	793.239456942731	571.365835722882	723.99869876907	625.992582310011	636.07195147623	712.524199509819	792.140642574993	572.158082809899	589.745354916569	768.509087424383	629.714459962975	719.718826742766	388.891510987819	1165.84188238316	502.374816828679	902.240679545484
ENSG00000138792.10	264.885317687813	347.405283442228	495.689740519652	185.824215221175	340.096245210705	270.571937116493	396.486611186851	232.147424406276	346.635639232484	265.472782404931	430.279107125998	213.961752542501	318.25456861806	289.128081142503	310.719949767352	296.136975851719	302.005554049927	304.681319480968	304.049034932628	302.633571291124	298.727447313762	308.025039876416	450.851807761136	204.229314649066
ENSG00000139174.12	470.675878014877	456.628399182367	451.25345063051	476.28275948713	433.203588539057	496.132323200614	521.154024657603	412.413888650197	563.971288035783	381.126485397	439.89799936318	488.579895785912	441.316536249214	487.009043030709	408.365067419362	526.324266912651	411.228016697355	522.657780917987	407.831055125096	527.013871543666	346.366879313383	620.641292068364	284.357997483007	756.28120001635
ENSG00000139329.5	17454.3241602843	20395.0948769822	20228.8705276825	17597.7482856384	17966.4717056932	19813.7133051868	19457.5055251498	18295.3816126239	17364.8834087389	20500.1442519069	17452.1507104004	20397.6348578178	17814.8674625306	19982.3287679798	23380.9257504556	15225.3786179491	25667.2436767469	13869.2137830024	16412.9230664892	21689.1823364771	18082.868173983	19686.1749772902	24025.1432396827	14817.1317079493
ENSG00000140092.14	2663.26122266628	4235.82925457236	2477.90482689792	4552.76098772708	3465.71860419437	3254.98581836467	3419.47420868975	3299.00477234684	3545.66925635133	3181.59237188693	3131.30584529559	3602.6131949429	3309.67840213461	3408.44633754683	3260.91092798939	3459.42119403457	3594.5743920514	3138.30819639706	3041.65807839269	3708.80193157789	2709.92417789236	4162.87742168262	2583.95471600857	4365.86306663639
ENSG00000140285.10	2007.26016735757	3335.01148122702	1879.78525848298	3561.24705000146	1912.90778121479	3499.5612745933	2582.67878269217	2591.87967005702	3394.93380220455	1971.8415035934	2423.53477489483	2762.08481694441	2271.50827916388	2946.96530956015	2270.70358036046	2948.00981682711	1629.6602049734	4108.1055715828	2494.08949566103	2683.94444587384	2367.3146368501	2827.68587440434	974.047667331801	6876.54022650056
ENSG00000141052.17	119.08173156793	38.5091990199048	261.240039597743	18.2047367792764	66.6545194976373	68.3583310903825	112.902157090571	40.5690082010985	138.020837809029	33.3575681496407	128.828924693454	35.6664533758695	59.2983480529274	76.8632852581144	64.635091804263	70.4964405639553	88.6191759489499	51.4893825551961	114.850348988725	39.8954007656408	68.411834618129	66.6024165834895	134.676851375068	34.1606367580038
ENSG00000142910.16	815.258762652089	412.586794903867	1380.14476161858	244.163555665712	722.552576897752	465.439067724982	629.279587626977	534.368464076343	827.962545501185	406.268089263871	871.217624758157	386.137919091334	636.168519311767	528.584542673206	749.186428969781	448.913094133055	505.653663376656	665.035960551494	826.131827561916	407.166658777303	307.679981802692	1094.10056759684	1028.18220541424	327.336163672324
ENSG00000143196.5	1944.85311316599	3543.89398814944	1637.78175020908	4208.70055476913	2381.56212052809	2893.90396405793	2148.71670422779	3207.56148625679	2005.96581196149	3435.89004057526	1975.91451903191	3488.16386274938	2411.51639648528	2857.95382856115	3693.12632528831	1866.29604448275	2349.18214981322	2933.79720427983	2267.68631285498	3039.2484855263	1980.4537588036	3480.166117193	1742.04762054159	3956.66128789728
ENSG00000143248.13	457.023155518934	677.037246944739	942.771484855533	328.379431315184	521.251705098379	593.568143965891	462.789089619494	668.594977644494	577.142752756525	536.083100070278	578.98767343044	534.375179744179	632.251728687532	489.372561448319	580.840843116561	532.670568374714	478.258676236181	646.953221450511	553.360744332363	559.120930853267	692.384801647463	446.901808731409	1289.59910156648	240.302868537317
ENSG00000143341.12	789.271539645277	1567.88310947961	619.854146323176	1997.02301136502	1014.79047167821	1219.27582607692	963.908970933733	1283.6572137973	1091.14623586527	1133.94216575029	962.123996642368	1286.03959476509	1019.78983233298	1213.29715058238	1336.77530311508	925.622905212668	814.647335317204	1519.00301384226	739.031438492397	1674.57947524342	635.008767932384	1949.2883640239	1012.94690587172	1221.49543906545
ENSG00000143387.13	7182.34261414456	6269.83907183662	6278.12760835715	7172.86007935298	7619.54104816656	5910.09700188117	6391.63919273973	7045.4718475395	6350.97602839995	7090.58248812329	6858.77505558982	6565.61822424922	7346.50199026017	6129.74198060841	8056.47454446286	5589.58739327088	7358.75639146007	6119.53457327645	6167.02568668027	7302.08616929879	7840.99066989788	5743.1892279612	3617.9530503661	12447.7352035925
ENSG00000144810.16	1914.52528001111	934.728868808793	2331.23502655239	767.821690546569	2302.42837789317	777.414391599661	1489.69142230066	1201.12493329948	1362.71361321763	1313.02810053001	1867.38267779109	958.305822546296	1468.14873808535	1218.7451808903	1451.04251033525	1233.10983436177	1570.79435089078	1139.12828735048	1347.52653204272	1327.82590838514	1465.84866906268	1220.65709287034	1906.34275283174	938.737405892327
ENSG00000145423.5	1194.94868284788	1795.06577972241	761.789797836495	2816.86978575826	1552.40969707281	1381.67891027852	1237.34978876312	1733.53097178628	2180.20352075712	983.972870558445	1287.41389455721	1666.09932084089	1348.09206652089	1591.09236688588	1854.30794170293	1156.78823105575	1339.27757105572	1601.56595374925	1159.40182614406	1850.12591312863	963.228841528183	2227.19545974019	907.947212962717	2362.92920214108
ENSG00000145824.12	384.064034533427	930.596164033297	363.560920959902	983.216114446709	428.710982599683	833.491155197425	435.578729418544	820.327161642965	553.108094073486	645.858313359643	469.137473955635	761.563889232382	591.628975313438	603.797418986292	646.17157717688	552.840054456354	416.999947357319	856.942612746149	581.938578843758	613.852765702671	540.403804766219	661.048758639348	400.243488922926	892.893705481487
ENSG00000145936.9	122.909378881306	38.9741558295637	148.380917209349	32.4934430234836	78.3272937209392	60.6933439355737	75.9131181947775	62.6133416757325	93.5900850463195	50.8868324830163	101.64998702814	46.9155393304063	72.1792900124089	65.8413954441903	74.4524317574073	63.8367854329475	76.6759694099399	61.9933064298153	80.8426435666696	58.8172770085895	77.7229798737045	61.1625339988951	185.928044639426	26.2162368555145
ENSG00000148671.13	2279.81713116139	802.532704427762	1970.07177683638	928.59545644329	1478.87664290826	1236.86776094044	1916.98088438477	954.295317652861	1626.87528598966	1124.37524888724	1274.76274379604	1434.90812337244	1282.66834111108	1426.06331641958	1299.36035376179	1407.74210308284	1675.1849886941	1091.96166634984	1366.018204813	1339.04641981034	1421.40971194425	1286.86732427062	2186.80388652288	836.633962032666
ENSG00000149564.12	103.006152625643	38.2773887363964	120.57327227765	32.8405170659578	70.3033147375916	55.785346918773	83.1722848512331	47.2248264741719	103.25592012597	38.1869359940118	97.1319531132244	40.5408614704541	62.0541556670833	63.1823951769349	68.2694914380839	57.4396543799672	57.757549094156	67.8923372034119	88.2748151830527	44.5326121987914	77.4850614028111	50.6510106379135	254.527765289382	16.2266781333102
ENSG00000151320.11	43.6782358020565	52.5088964966551	58.8581242668361	38.9901153229684	41.0247494550172	55.9206444901667	45.3045849629376	50.6190564030197	44.8394894155413	51.1452411330901	59.272959199422	38.7192633281534	51.4578253337698	44.5677738062768	49.8873342252962	45.9679420119888	53.4994487343069	42.8724154687625	42.1927426206744	54.3649442223085	43.354246168898	52.9026465274224	106.046345494326	21.8729354455353
ENSG00000152377.14	2090.92740879048	1194.7385372497	2434.31910980275	1026.29771255506	1945.53723931058	1283.98450507903	2070.19383789959	1206.69874921245	1817.76948744432	1374.20705248237	1875.74998809073	1331.74010499528	1490.67213984295	1675.72660189251	1557.57177215493	1603.74790750217	1776.19021243797	1406.36942728412	1549.3100806393	1612.30012813788	1570.6753015119	1590.36824173706	2250.13006708093	1110.25019956802
ENSG00000152661.9	2176.52161557833	1909.22605350244	2121.88358416933	1958.38522659462	1594.62689565009	2606.00403550978	2135.87591111474	1945.55628544398	2239.23279554803	1855.76168484536	1768.06132551208	2350.31970028381	1670.23996619674	2487.99894994563	1924.48348646841	2159.26481092396	1434.77279584051	2896.45485942692	1647.89739420334	2521.73978116054	1653.49645033285	2513.19863656694	2329.83385917429	1783.60515079841
ENSG00000153902.14	80.3463995536491	85.0557959047438	116.597131025335	58.6969222537375	79.4887681279248	85.9742623175575	73.1462716860604	93.4445940229263	81.2317482505301	84.1282457548826	90.9271625484565	75.1659051161464	81.8346990888698	83.5081858082802	83.2350238342946	82.1032091959409	82.3569027197926	82.9785918601128	78.9092672592195	86.6063181837386	77.0148390645584	88.7398045565501	122.122091542021	56.0652917404684
ENSG00000154175.17	2714.23648644474	4198.54483100519	4342.32767166546	2624.38012957374	3500.10746198776	3255.79330975074	2791.95571134001	4081.65115401001	2995.60555367647	3804.13469414369	4328.56987284072	2632.71964231811	3597.0856021217	3168.02001027495	4776.79956436667	2385.73784508099	3177.66112299317	3586.17139061426	3521.5369345284	3235.98159075899	2568.08979983967	4437.52884912961	3674.14720146326	3101.57791923981
ENSG00000154262.13	702.027371848277	1451.63607412249	794.656020483749	1282.29413287782	748.309742925749	1361.77328171584	902.055705341165	1129.55419548587	1168.86839996957	871.726070498746	1072.01123335255	950.464260327738	777.311092807803	1310.92715935764	780.892494491939	1304.91058764862	645.921991883257	1577.8770250647	778.726809947084	1308.54220086742	638.477376923705	1596.29892548244	993.840222565773	1025.21883329008
ENSG00000154556.18	275.861309021587	197.244893441886	314.769056954236	172.936034177648	220.013372561029	247.272399125131	184.870794903739	294.377255429275	237.364025571524	229.192729404717	266.257623670135	204.344796921279	255.514451637654	212.923432425509	325.422659947874	167.298547725155	170.280388450724	319.698932682616	239.740416556465	226.921568398284	156.19035385237	348.688484445354	500.129752063527	109.230458002236
ENSG00000156265.15	325.720465503104	162.35328425536	539.983010012172	98.3064795553296	434.426796396663	121.937167089524	331.657208126744	159.459247616552	278.175017344458	190.008346176296	385.960045809263	137.134035244803	257.761233377695	205.028855788727	253.413743762115	208.541947432274	350.294558591447	151.013770074645	254.029263093684	208.037217364484	313.421966428968	168.698859579697	617.455274051485	86.1175032826957
ENSG00000156453.13	120.859434704248	65.0229925752898	201.061634210012	39.3945253411184	101.492019590711	77.3530751972131	129.604095621491	60.6740146464108	129.661724506007	60.6473170576162	114.46036821774	68.6307187239555	101.296668986334	77.5017323335716	114.604087278432	68.5452245889193	133.24591016122	59.0326563791028	94.1949830767156	83.3296565757318	96.5780200698615	81.2773681716159	228.477208290788	34.7823881547689
ENSG00000157214.14	560.131924255664	515.021790588287	410.002545962607	703.740613283817	571.250087790166	505.000732496009	674.475893544529	427.767579034829	534.419100260266	539.798841141523	610.406733546727	472.621581418877	493.789220778161	584.225453612118	526.424925602042	547.996661267138	603.265608128573	478.212541796249	541.259735010063	532.976718503087	653.292655595904	441.622000656243	234.711839440361	1231.55000300878
ENSG00000157766.16	201.266966320484	197.535937842659	1165.95621157499	35.0601977566245	157.107946793209	253.15346890953	196.196074154778	202.641691899925	481.59841328183	83.0103336042857	328.966089881118	121.060059298164	316.625075248081	125.746716950296	266.680547324876	149.166222172848	134.887646602039	295.047068361965	316.532658292928	125.783198026518	395.67173799363	100.806413916042	474.516710036152	84.2325179414391
ENSG00000158270.12	948.843781095468	741.463173974028	473.717910815083	1485.97219457915	575.809886062189	1222.08801037433	806.411336009787	872.403435784591	899.118105119697	782.455634367726	689.443033524467	1020.47776683604	735.880545013834	956.045218233832	773.134913508978	909.960507235397	551.984141550647	1274.9156844553	735.285123489672	956.819761966588	739.436422259898	951.445637302978	248.424093925694	2840.88082526092
ENSG00000159251.7	49.2445416591791	91.8246751027545	51.5984968800755	87.5915053805206	46.7700534424316	96.7462752803759	55.2039872960149	81.8233590049313	55.7325256485974	81.0419062859228	70.3295295986426	64.1826967106223	72.7092911963009	62.0867188122922	104.178691182005	43.4816041143102	80.7928063055296	55.9031870809704	70.4802273132639	64.0456986404157	59.5955425852996	75.7599719306404	53.1588977027339	84.9968603484065
ENSG00000162493.16	278.212050058952	180.147831487681	145.000460113679	345.918470515059	151.973127122842	329.976524225635	252.402087101096	198.534105034944	193.990060787032	258.322861503997	196.388239818218	255.163742589249	168.503851330857	297.491335934953	201.083277980339	249.198446704124	358.196966879022	140.05466188571	202.194630951535	247.827203952029	250.14416949418	200.323930398053	124.913839265425	401.889623533818
ENSG00000163017.13	400.251019815071	78.9303214439146	602.162398040857	52.9999778794585	219.972588463308	142.696977659778	246.113309225218	127.616916089442	309.759689114665	101.604162115192	345.377121833347	91.2534689174761	133.666583842037	234.908740455715	195.431086269841	160.55847208301	249.105328475136	126.094154053041	287.799614267742	109.27115083092	229.561574241807	136.763418376056	490.971865002125	64.6264305494726
ENSG00000163531.15	273.351233500897	221.349038971541	218.707768737433	276.655161697167	186.03116156201	325.327680865303	268.29728636755	225.51561969669	227.482692040704	265.975873271174	239.56008440759	252.561673587061	205.528930757653	294.414899523868	198.333476227171	305.112108629251	237.086668514393	255.197152840174	281.542926442229	214.91438265966	214.475747089602	282.11930612792	146.634818356185	413.028179843574
ENSG00000164128.7	86.2782529466354	45.6286456919051	77.1049779369045	50.9993247399184	73.4491992293253	53.5196142575368	67.8507898768426	57.9148109051314	62.7211406317133	62.6439099007602	76.8195042119053	51.187361425163	60.3098801939941	65.1503317141794	59.8687157248935	65.6311906280394	62.6825131458207	62.6825131458207	60.6547714219167	64.7793758849322	62.6825131458207	62.6825131458207	77.7045002143903	50.6089963122552
ENSG00000164220.7	183.896695740882	89.0993680639021	191.963833045877	85.3838750150985	192.842056724377	84.9982812773226	160.755493611458	101.843459833968	119.223010721331	137.256776565743	179.808836894298	91.1103207253051	127.602487112188	128.236988027723	117.31974103651	139.486998789186	198.080245927977	82.7698886118902	119.827168000887	136.563805981788	136.261305023718	120.092844208556	152.940238429806	107.025903903066
ENSG00000164530.15	1115.29641119351	2810.17478527227	1211.36411588441	2587.1403914455	1472.20417167771	2128.54120794011	832.984678422143	3763.94676211792	1628.88047145818	1923.75663449257	1379.31990973115	2271.93779338838	1573.86418126671	1991.01636848255	2256.36010583973	1388.83824363435	1968.23039324807	1592.08088195425	1434.05054245804	2185.19297020856	569.691073348914	5508.17666568632	2468.90493231303	1269.33624824824
ENSG00000164647.9	256.704990473899	389.654977340495	231.640139992472	431.921629574699	340.924617859073	293.347998093532	316.527813166357	315.950307751858	295.600037481092	338.325640022324	304.254356651938	328.697737550819	319.142701422235	313.36169069266	330.111878660629	302.951452928113	307.299487711391	325.439600927565	358.207242893953	279.206868699602	379.889192897151	263.292432818434	157.093239430169	638.070791542288
ENSG00000164694.17	993.900185997683	988.374372024451	627.279118576663	1566.46729097078	737.523478356486	1332.10062318076	1211.50572415052	810.888427039097	1041.34635843411	943.344646452793	819.315397135487	1199.03871804957	787.548492322491	1247.43026171498	1285.5025495401	764.238408007205	894.514185702399	1098.20350284109	700.361869325579	1402.84313836065	861.190511484827	1140.71179169811	899.098554502722	1092.60250486444
ENSG00000164932.13	1807.53075949569	1871.87086156843	1707.00898236704	1982.10729384197	2154.82135406285	1570.20666624998	2010.72442071833	1682.71679863492	1751.82425910578	1931.39716324387	1765.44686995219	1916.49323373517	1826.67633986994	1852.25130449562	1966.45966755966	1720.59092548595	1690.99938540054	2000.87477747717	1683.29126090178	2010.03814046568	1582.09267301748	2138.6295055094	888.364439178639	3809.91636413828
ENSG00000165474.8	120.086169815364	64.7556334358151	105.997420032656	73.293167642565	121.964162958367	63.7682426969306	119.406789846247	65.1205679299572	96.246932518103	80.6858275297423	101.044783776662	76.8675050677048	82.5936636624778	94.0185820639432	82.2840752521723	94.3730425615926	119.361347603319	65.1451275201147	99.2817108222184	78.2271588261513	134.648836204577	57.8276598715368	74.1570660877465	104.755844940178
ENSG00000165959.12	209.76084266654	206.918404012557	249.494861826979	173.994678161214	195.506604286323	222.009318660957	229.880157523162	188.818267005153	185.88702840801	233.509199369251	220.290841210967	197.030782718065	238.061361286119	182.337107929793	162.005812610731	268.001848005371	195.797054641707	221.679767351577	216.876100901403	200.131482539091	198.548749825198	218.605734244619	175.787713527055	246.945338481839
ENSG00000166148.3	107.329550432232	50.9333340415058	99.061140400992	55.1477672192362	73.8726066622157	73.8726066622157	93.1301162253696	58.6362076509764	93.3864201987551	58.476208563733	96.332404585868	56.6988706280766	70.8829393074895	76.9900014669035	73.8726066622157	73.8726066622157	73.8726066622159	73.8726066622159	83.0070548328133	65.7544284415727	65.2756517533125	83.6177131300215	71.2092106097827	76.636902412239
ENSG00000166250.12	2083.27882996936	1862.04314306892	1868.96915291038	2075.55807417588	2035.26304161687	1905.96969823384	2127.7359982988	1823.14082506301	2022.37389649952	1918.11648491331	1937.47701351006	2002.16444723431	1883.90094967856	2059.10614258016	1909.74026337254	2031.24447533082	1973.89522387229	1965.2243244365	1925.73392593033	2014.37392493851	2053.43554880591	1889.10307117683	1091.96193385408	3553.31691534457
ENSG00000166923.12	2566.39997801088	1219.71352515194	2411.0681314367	1298.24189399066	2149.93201982312	1455.85278893841	2582.40475477697	1212.15945514102	2067.76967041499	1513.68205786037	2211.20265574514	1415.52736142512	1848.11994555868	1693.54956436289	1612.94510166058	1940.48847453437	2230.18993061755	1403.48087508064	1914.50901549997	1634.82901354166	2118.24269369136	1477.62518774406	1407.77041432359	2223.3916037403
ENSG00000167332.8	29.6325736943905	23.2692060983179	37.3425438469799	18.5319079148958	26.2376354152286	26.2672746219943	30.6811417128641	22.4811179663787	26.2524506966028	26.2524506966028	35.2155085870008	19.6266230411771	26.2524506966028	26.2524506966028	26.2524506966028	26.2524506966028	26.2524506966028	26.2524506966028	29.7052321090367	23.2127506885274	29.7227878508314	23.1991525305787	36.8397742638031	18.7789970313427
ENSG00000167641.11	105.512936454477	49.1421624155791	123.694861663841	42.0410628777559	76.8334936368717	67.3012536216704	63.0296347659014	82.0608631926856	94.2170218683405	54.9554164214291	90.26047572401	57.3410095010793	73.7102759131847	70.1479074320625	71.091374941276	72.7313881599101	53.5337979318289	96.746849577457	106.881871762995	48.5222522642486	88.6159392111136	58.3962321561283	215.970337495694	24.5776383733595
ENSG00000169116.11	291.915977319243	153.706285026226	205.827598187789	217.862787702488	144.226749789601	311.186888779642	222.049668356089	201.94830570677	211.113590376466	212.40681030851	204.570111352174	219.202480667463	147.283534620692	304.699457164775	215.844360282249	207.751816593706	184.843769047237	242.620228748166	222.766187269455	201.299120123065	218.953903877442	204.802265670768	272.522433952365	164.605877966102
ENSG00000169507.9	26.5228500625939	51.2714832047687	39.7903729231692	34.0937988957581	30.2349134526278	44.9035098321612	36.3526480334094	37.3128767475722	33.3565594362095	40.6734715456598	34.8485634131775	38.9259416698301	41.8113999249314	32.4534350018459	36.8295602928858	36.8295602928858	36.6706474087946	36.989177926075	36.8295602928858	36.8295602928858	36.8295602928858	36.8295602928858	44.3120224943729	30.6348862100466
ENSG00000170373.8	32.0228858867116	23.2498331840075	34.4743521634546	21.6262930477591	24.8101764758888	29.9851223599643	37.790514231807	19.7767647042196	27.2693803155325	27.2693803155325	38.6122150240492	19.3692497152958	27.2693803155325	27.2693803155325	27.2693803155325	27.2693803155325	25.0997572686027	29.6362582355877	30.9306712472595	24.0595227345034	30.0811143016981	24.7317255967489	52.3823102740043	14.4909020174222
ENSG00000170412.17	66.2623325069426	96.5442455339599	58.480298840425	109.513359590891	50.1388784648446	128.013501841819	71.6795035539654	89.2113525499168	111.034407768952	57.6882350634521	80.6823665688316	79.2403997395626	58.5176615313834	109.442651610298	52.2573946163807	122.73982708953	44.3403251199775	145.111639682094	69.866619210106	91.5362090456932	61.2744744632506	104.468898840779	55.4657796867312	115.540293039308
ENSG00000170624.13	740.215732919859	854.424801596832	747.210928945012	846.423916236203	1175.28715199762	538.281127186534	927.203731049277	682.137391149278	694.800899537653	910.295421892879	791.185318772308	799.373623583146	934.871992265852	676.545452942691	1070.5776610017	590.85611452158	1001.39244560222	631.635782551545	636.062668234604	994.417006239199	839.979120444032	752.942705526105	568.667438785817	1112.40149036102
ENSG00000170801.10	485.058750698654	1956.82585446903	722.539210440863	1312.80618228158	630.235803993972	1505.3172657309	591.632430118643	1603.69095164708	981.800725788279	966.003980095538	744.76359156226	1273.59679199687	881.264127536822	1076.22420872942	908.853009437765	1043.5463378571	534.441761024114	1775.63085673538	928.176495096798	1021.81714673796	744.012571019016	1274.88346160887	825.075723473651	1149.5469341753
ENSG00000170962.13	260.087912191161	789.650839562591	334.021288515764	614.450883887771	317.593602177948	646.299574600522	443.973763107403	462.150324192419	433.051920002157	473.808325274112	359.648712017336	570.598576328969	436.881097164767	469.654492391616	445.631070414314	460.431396316543	330.939880005883	620.182941725167	409.362043336068	501.239978463407	359.877350899588	570.235557609187	253.355976196622	810.711409129301
ENSG00000171840.12	96.6549304722323	132.277551956135	91.3906038455991	139.931536751029	107.77530432074	118.597729836647	102.682968266637	124.489576109608	118.918323092674	107.485087972551	92.4993430925954	138.246031770596	104.184796601304	122.691306545988	134.327769158057	95.185402914218	77.6548170074685	164.873635117545	111.861277267513	114.262763008493	93.6599163392566	136.525088444106	88.6691145445156	144.250164356513
ENSG00000172061.8	274.775332963246	533.514964132191	175.65579397942	836.150415146815	638.440035856826	229.745329143898	267.144616528497	548.793422510056	317.044639217761	462.260177616274	370.686815065417	395.317313534594	402.913120109305	363.70061583172	491.442766386668	298.246968964145	364.597771785277	401.921327492019	322.844455625488	453.945137085359	299.668582801437	489.107213507911	154.218489055201	953.225730803542
ENSG00000172159.16	75.8745133165672	103.563664295418	99.2819987748796	79.1362185709511	74.8805118809508	104.94368092212	66.5316079012042	118.187965196192	98.8058169814044	79.5166163245232	76.4441804651663	102.789166784962	94.8553971348479	82.821281221763	93.5856612894539	83.9433606314066	58.5210490284285	134.511207686925	93.1597490218246	84.3266705382718	73.714506340701	106.610600318133	110.806968969405	70.9359272397447
ENSG00000172260.15	1008.2699703635	879.389479864098	1135.62209985228	780.801058295816	1008.19657595443	879.453486751135	1022.39724057647	867.240475967071	1152.5334634133	769.349626417973	1040.71859839198	851.976481533155	890.42830717796	995.768354461712	871.74202768506	1017.1167037836	750.604825547219	1181.33093642854	960.955000397432	922.683581857627	904.480548372709	980.296045204371	800.274562999468	1107.97671366604
ENSG00000172986.12	208.838257591903	250.428742742849	189.409756530245	276.152564660557	224.595321296357	232.85039431105	199.254296453916	262.487742950036	194.947737924874	268.29473752951	222.131476127789	235.433720602033	215.570022779579	242.602864123072	241.452888240263	216.596164178067	192.812752405398	271.2702927094	193.027884831617	270.967460921786	157.117757575264	333.080876058874	154.898739801889	337.870587293643
ENSG00000173068.18	730.439876748386	986.157824626983	712.854301968468	1010.49840659695	773.511779067946	931.224298975828	806.263438342909	893.388015709787	818.782344400968	879.726528685573	875.517905422968	822.717817751277	771.208810043033	934.005942048494	818.93952466169	879.557662206839	780.151446586097	923.296658291825	770.916069832118	934.360721192411	702.139284542685	1025.92823240445	503.311201056585	1431.77037448343
ENSG00000173267.14	82.8071567907722	50.409798647339	74.6772154205281	55.8556062228016	72.5282891214683	57.502428688782	73.6202209196081	56.6534212705598	69.922540924469	59.6374419081359	61.5623183532618	67.7311973139376	62.0047113674166	67.2471607058461	67.6987613148038	61.5917625174147	66.2674894848137	62.92023041866	65.7882138050431	63.3782340546072	61.7175123956736	67.5605890091385	91.1655232195588	45.8369790768323
ENSG00000173546.7	1075.33737772076	563.107463418975	1155.70159057437	523.993326310361	1186.4601371006	510.426361802514	966.23733229214	626.632758059545	756.742726964933	800.051082412365	964.307801029148	627.885779559228	914.894558921627	661.777458314848	854.569639690535	708.473924120854	1370.55473127563	441.966580379534	1016.79774293182	595.496208728436	1500.38779051307	403.795427028422	1281.83564317586	472.501661155135
ENSG00000173705.9	113.80479309569	103.264889048169	169.848608588707	69.3641332335907	83.4050026611514	141.019502217844	91.6451153866607	128.275126569949	127.007000977433	92.5564646362904	103.424228957672	113.629254675698	109.211057590994	107.605466390995	71.925662897312	163.733680244499	63.2556207485005	186.474071378103	144.653531277049	81.3238783656523	121.412736865002	96.8065680301636	129.495958361154	90.7847917779257
ENSG00000174348.13	1279.18725910756	1937.44097770829	1807.6375757398	1371.01270688018	1548.43862324756	1600.48356359108	1584.04738929938	1564.50497734714	1699.3703829679	1458.34213050782	1854.78741363059	1336.17044812705	1606.70202194431	1542.44586859615	1450.51100290893	1708.54642810828	1916.94223723823	1292.86096371904	1663.91204970462	1489.41586797798	1171.6334608732	2115.38298347193	2921.25940101857	848.66748819322
ENSG00000174944.9	39.9531108860656	34.6223192649285	40.9536923844025	33.7805382896011	37.1690705160299	37.2100000288284	37.1895294764444	37.1895294764444	41.1474376160313	33.6223982402653	49.0519716181748	28.2592251176981	40.8022949111858	33.9051861646388	37.1895294764444	37.1895294764444	37.1895294764444	37.1895294764444	37.1895294764444	37.1895294764444	37.1895294764444	37.1895294764444	53.2641695017535	26.0646209922723
ENSG00000176971.3	384.326591617451	416.887296618927	375.213959611366	427.015908099873	402.044140546637	398.513290339717	438.779697637078	365.159968909924	302.101987873164	530.503106733453	372.508547418014	430.118719121345	343.203308821729	466.876595554405	416.096100998744	385.057169633293	474.749167463948	337.518729599168	283.713661039872	564.968650544872	290.626569666707	551.497461259013	296.592865390258	540.378324883379
ENSG00000177098.8	117.210837349239	52.6619537234764	82.7374596382233	74.4752816746395	89.343723676489	68.9789224037575	77.9466574157089	79.0503839544883	78.4965596672223	78.4965596672223	78.4965596672223	78.4965596672223	69.2922605067379	88.9385939807564	78.8153099650514	78.1791124646425	93.4946973865851	65.926321157788	68.9906122221683	89.3285424533288	93.7473051746191	65.7493599078343	84.8671836000831	72.6089646273655
ENSG00000177464.5	35.7598735920478	61.0083944589673	22.6274990578909	97.6188873451143	44.8526321115403	48.5535135725416	39.2082618391887	55.5842264094933	33.856749190058	64.4918770310814	51.7863845383165	42.0625320935426	48.5853329279119	44.8233171552735	73.2779156045982	29.873318865545	53.0839835907756	41.0403625879868	31.5465069819396	69.3068811741379	37.9253973350134	57.4832626424107	27.901749629512	78.5948329013133
ENSG00000177990.11	156.545518966086	74.7479244940633	145.396550088422	80.4424066584094	100.609689048365	116.16231264781	121.225298613641	96.4148246582319	111.672921023775	104.650335491298	167.306046737418	69.9758351599458	120.925150255235	96.6536324223019	114.957742451566	101.662605324154	122.130037219984	95.7021451028972	126.596093365987	92.3345772225428	149.321515706026	78.3400483524717	110.545607011134	105.716986307534
ENSG00000178031.17	737.984505823305	677.543147221977	717.413527627907	696.968938043637	740.414596240594	675.319746452194	740.873315192531	674.90168273058	714.465834639438	699.844319823148	747.462662800912	668.953053379046	738.270612636444	677.28061356042	779.090733909759	641.803176011778	775.528584027689	644.750129429805	630.589166621494	792.950736881052	618.327883445338	808.681612352423	399.925024907261	1251.00100264195
ENSG00000178878.12	229.443276969455	284.451194018854	324.616068730581	201.087098964934	254.893071775616	256.039634016259	210.02041439839	310.787289556032	257.13920259866	253.803142006201	276.047636260799	236.423410990431	235.149761120933	277.543660080322	262.619255787888	248.507691396043	241.074072341926	270.719738016948	224.813024120219	290.314727085368	181.007871898933	360.705604016925	520.558630475153	125.602922689657
ENSG00000179097.5	34.5183729227151	49.5542681053215	54.8332192892759	31.2340040449164	67.2525693491414	25.5738256270927	37.5020819762187	45.5836363499562	29.8813931969338	57.3571960194793	53.0615520697756	32.2619069509571	40.7278242485063	41.962979229396	51.7878685950265	33.0452613540683	35.6824923592708	47.9236586923143	34.4716794147895	49.6220435861504	34.7212316886262	49.2620027277423	42.0806077291605	40.6140753319329
ENSG00000180616.9	42.8789800387491	42.6413002855182	38.9478150703781	46.95509802328	46.216296927507	39.5678520326291	42.2145334702491	43.3126272177311	47.5630802181688	38.4523260659701	44.9034905939661	40.7211079987221	40.8700807810417	44.7394467699403	49.5790369640311	36.8981186995238	35.676744311093	51.2900830506443	38.7669477634383	47.1751796351035	48.2885101098842	37.8777910006234	39.5600159413883	46.2254857289606
ENSG00000180785.10	36.4138384365599	36.4138384365599	36.4138384365599	36.4138384365599	36.4138384365599	36.4138384365599	36.4138384365599	36.4138384365599	42.4469112541313	31.255283292403	36.4138384365599	36.4138384365599	36.4138384365599	36.4138384365599	36.4138384365599	36.4138384365599	36.4138384365599	36.4138384365599	36.4138384365599	36.4138384365599	36.4138384365599	36.4138384365599	65.6605953190452	20.3578299203075
ENSG00000181856.14	39.4004678702727	31.9563944184947	35.6411184671544	35.3157940033775	27.5117241005377	45.8387092554029	34.3351374425305	36.6602019538644	38.2315644041876	32.928252418645	34.4992029843557	36.4855506763768	31.9629122390741	39.3923840970976	28.6998838130558	43.9152521199982	33.2607227717991	37.8478557702549	32.9240164935481	38.2365047160413	30.3324627459704	41.5265359734868	32.8037799918587	38.3772841321593
ENSG00000182253.14	148.798629801025	122.251771320618	182.816374578917	99.5711546936939	140.60525144554	129.367312632179	154.166220207355	118.003240718569	135.283925524061	134.454025052412	141.780206550966	128.296020505531	138.876478186717	130.976778624378	151.031058239534	120.4478233967	127.737621943363	142.400518821783	130.537580612908	139.343968458949	150.006241455897	121.269226844896	195.073673993451	93.3483860899556
ENSG00000182963.10	435.270180453641	364.620230026429	470.030597450488	337.668121140333	495.309021782882	320.447558123911	402.8302695457	393.977165030777	402.580901166534	394.221193779772	430.306306269615	368.825006121826	450.746700617278	352.105969825	451.085073934267	351.841971362044	595.893120082844	266.417382716177	397.604036014087	399.155632824343	496.752322747974	319.517302306408	430.23221084911	368.888506822033
ENSG00000183023.18	265.198182525829	266.218483861567	308.448991119072	228.903859203907	325.312759527766	217.049470823115	311.728003472992	226.498184616633	311.088968573963	226.963029542344	312.965717704967	225.603262160454	281.355981333848	250.932359267872	262.233798062974	269.228043503069	335.223158580174	210.640621182642	294.654586812438	239.612161564821	274.44201278964	257.252409545007	200.566562803707	352.086355929214
ENSG00000184060.11	50.1439281593359	34.65894357538	68.3723786030108	25.5329630697641	46.0194075038082	37.7458014058055	38.27211254522	45.3840955792638	42.5463893780375	40.818826000045	56.6836403378306	30.6994944598787	44.7973115077793	38.7717437815228	41.9941939089687	41.3552412733758	38.700608529149	44.8799090689179	38.9322465230415	44.6120803106937	42.0849849171407	41.2660575814531	111.011315036008	15.9759090314683
ENSG00000184254.17	656.543977673671	561.493485841559	535.155084328759	688.872926772306	441.496542003914	835.183211911279	720.93391842956	511.372612031738	499.397187258333	738.237236561191	485.53146390716	759.341361504118	456.697670501302	807.343829146765	602.654573136569	611.693397062208	588.675827741974	626.220067310009	618.558272631373	595.96661392952	537.314191406839	686.103158395786	1388.77795504869	265.915577644755
ENSG00000184489.11	94.9828070790875	86.7327745255784	93.255477070418	88.3380960280062	83.8917528428047	98.2035519546286	127.919061518373	64.476805436061	74.6639312446681	110.376541390314	101.875645463796	80.8737295227956	80.5871447928974	102.238801105264	98.1956731330196	83.8984732366982	90.8978045107757	90.6287039554845	72.3990234514253	113.84461762499	97.0591513109541	84.879429910759	120.613024541478	68.3567266816801
ENSG00000185567.7	1233.88646710204	576.157750525348	1248.88879376809	569.24493557636	995.171913609388	714.233146263571	1234.17696823874	576.022295241436	818.598533222207	868.259698808874	1068.9070049056	664.993256332106	834.784642658517	851.423534011374	810.932523648379	876.468490684345	1283.86093665989	553.758279958237	782.944184311632	907.805526408609	1118.37155938831	635.604101029543	863.143974029403	823.449854943455
ENSG00000185633.10	320.801886084638	716.668324899045	1028.85624607723	223.714424709884	321.447122189021	715.226751282344	304.730785105647	754.551590294834	650.798555443611	353.208842443896	641.295734659087	358.434623137772	371.498570197076	618.713013258712	797.045601973193	288.524372538769	279.85999532657	821.791775428596	641.10781546835	358.539528471718	389.753975219998	589.699933697873	869.023269488499	264.69444298307
ENSG00000186340.15	6366.53299236306	9799.06120064325	9114.93550705424	6844.34036682253	7037.95520563804	8864.16995452188	10419.2157058735	5987.63188700564	10747.2104444043	5804.91645501274	9366.21892189881	6660.7270412059	6697.05625744855	9315.40701196231	7072.49530000699	8820.87787403967	5976.24871182206	10439.0638051596	6924.60545788817	9009.27589738248	6603.54309626516	9447.33220704045	6425.02652359325	9709.84285858855
ENSG00000186847.6	148.127843238464	161.549275062335	195.80352757353	122.263406705526	230.696731511756	103.853751378614	162.592407744405	147.178170138777	133.673085453933	179.044579700454	191.700970969368	124.870945222233	159.202139829029	150.31052232143	151.75539293262	157.685827670772	229.51704354275	104.384251786043	136.293715889906	175.594946053425	92.7412666279936	258.550630227218	348.170593285391	69.0959661978215
ENSG00000187068.3	104.785659604336	106.327020545937	163.810567423238	68.1625081879681	92.5714767488402	120.379097570369	87.3951365805063	127.535247146202	113.841648302644	97.8749416808305	136.006765483707	81.977505141235	124.533002211823	89.4936671315021	147.530975265565	75.6144853135994	74.908254918463	148.932663106757	161.321190711749	69.2038896021819	113.140581809467	98.4804398911545	172.244950788627	64.8594826643176
ENSG00000187513.9	54.5950400930238	49.3336387249205	68.9267240810303	39.1375702135967	45.7609245292496	58.8733471032417	44.1156827835539	61.0821075116406	51.8963570038386	51.8963570038386	51.8963570038386	51.8963570038386	51.8963570038384	51.8963570038384	51.8963570038386	51.8963570038386	45.9019327476779	58.6915770010933	45.7864859243092	58.8403115694676	51.8963570038386	51.8963570038386	118.607175200577	23.0300705019481
ENSG00000188257.11	229.996143788715	764.650892526502	252.391646542617	696.568216546661	216.425274091928	812.805745809605	270.779960385458	649.128584888675	543.583928802638	323.232864697316	309.102205454582	568.477520257087	417.228695753938	421.036898766418	420.169280357447	418.090224120346	313.676856795835	560.171970776219	444.32740874072	395.362602932632	235.696033072759	746.088680373926	336.569681448601	522.01350278582
ENSG00000188643.11	1711.1333596229	1359.80277444997	1532.53959366743	1518.24990893851	1964.45198585107	1184.50540348929	1703.14999279378	1366.17552004349	1477.81018625773	1574.47826404309	1555.47707930681	1495.86183719546	1601.33020189606	1453.03115289805	1644.78711834595	1414.6445660071	1907.88502355612	1219.61040239381	1498.177786073	1553.07247895156	1641.36538760217	1417.59328622873	1317.85630609766	1765.60974935293
ENSG00000196376.11	27.6572178401823	18.4947783792232	24.6946417795915	20.683096097477	24.8677388092694	20.5403114469991	25.396419386489	20.1167425444525	19.7927407983959	25.8168877635173	24.9467857539566	20.4757927890031	20.6569852994096	24.7261081402853	20.7330662171524	24.6346541781984	23.4146555821812	21.8072948657642	19.1759115143815	26.6587405972615	23.3517568877	21.8658529273179	19.9227107309561	25.6464942921025
ENSG00000196557.13	135.040618947111	38.0363431816329	152.479044612063	33.8045123417619	86.621568063785	58.8719365409186	89.4277622970264	57.038902649617	89.0232102970585	57.2959228435484	119.047449201096	43.0215516845932	82.3800823185663	61.8834194894454	82.9048039683181	61.4938906230086	112.192302237931	45.5992380085664	84.6625026476479	60.224791914395	68.1743762111771	74.7525028912594	151.99806579814	33.9080717184423
ENSG00000196569.12	1170.03720435527	2298.24873639263	1370.15639096815	1962.43306413336	1505.48448670263	1785.99055537957	1611.33846790848	1668.65288826214	1655.41378081402	1624.22477892431	1570.31598866772	1712.24664211891	1579.58279787883	1702.20083696256	1986.24094107861	1353.73850913738	1613.80676577726	1666.10062925394	1628.46778665735	1651.10050279326	956.542124235214	2811.66566908128	1105.20578187641	2433.15647381119
ENSG00000197461.13	548.511325463484	237.136006373722	961.119325067969	135.82658737691	394.934482422784	329.124397067098	541.866700519951	240.033779974375	465.240810345015	279.451586958543	502.42303411558	258.818232264049	361.220125858984	359.831163429404	391.63264616939	331.897290674704	427.851748841756	303.828431587965	437.041139126424	297.449276442988	486.869804487495	267.064515793425	786.035870545657	165.794171296105
ENSG00000197614.11	2791.90023443958	8048.90180289368	3119.73404628754	7202.9454116488	4230.2857490243	5311.83576515705	3634.29122765264	6183.00121689715	4665.73911572439	4816.0707354126	3778.58093493046	5946.87426348993	4329.35851356453	5190.27544466197	4958.39717912314	4531.81466918129	3881.56420005624	5789.08295046133	3709.44740103832	6057.71702511119	3129.73374242853	7179.92787511939	4864.38684879038	4619.39645519418
ENSG00000197635.10	664.220642601968	771.050889086139	527.627475017445	970.793942140117	519.29335109474	986.389651632322	1036.32872195287	494.296065046444	577.106035649756	887.497593379076	554.127044664131	924.328643198979	542.844130376533	943.556803558517	539.760305078398	948.952380134584	559.813402776614	914.932372664362	639.656103703167	800.670039029894	753.995235964671	679.242594687936	335.244679943245	1529.11598361739
ENSG00000198121.13	808.121288538193	1155.41818584664	1132.007377779	824.82579606925	681.712510182324	1369.84205532509	827.16070505941	1128.81052683155	936.78875987254	996.678324043001	837.985887142278	1114.22232214462	920.373574105017	1014.45644786679	853.954923899415	1093.37848064476	736.888825309849	1267.18356058194	947.347082095112	985.569406693693	808.309383250418	1155.14918188381	1003.15438639248	930.741716221156
ENSG00000198435.4	40.6293714531712	32.296443406029	47.1599414658059	27.8716524709489	37.1290438856266	35.3277216314085	44.6196096429073	29.435179559944	32.4490696337457	40.4369628259818	42.7462799092959	30.7102601349141	38.634121324271	33.9551051232865	32.4261145791837	40.4657815198848	37.4334468686902	35.0409437301807	37.9958177680903	34.5235692372353	47.9744811643324	27.4061685210504	44.5866765142896	29.4566476373218
ENSG00000198523.6	112.000366233679	51.9601311592944	112.416624147757	51.769619158331	87.4876751162388	66.4102905294168	83.5139113138026	69.5609329044102	97.9380396414254	59.3567445269328	120.658003089344	48.2704613158488	75.8069490015424	76.6248876889826	72.7108442587177	79.8898476348259	65.120023144288	89.2276396909758	82.2680042565709	70.6121655548073	103.6067859298	56.1312981517204	110.112598086748	52.8423527474917
ENSG00000198542.14	3317.53602353432	1324.70045039491	4737.31880175346	928.013655252394	3432.30608955222	1280.43543619247	2957.42291694224	1485.90431608247	2466.81802230489	1781.30762164779	2549.51196350171	1723.54479827043	2222.46479402854	1977.12519197028	2269.84375209129	1935.86012854876	3124.40147236687	1406.5339080996	2123.63936879967	2069.12778361483	2162.290239896	2032.14330800732	3529.2773213883	1245.28003501145
ENSG00000198626.17	27.6647045685486	27.6647045685486	24.2843054265059	31.5302503293279	27.6647045685486	27.6647045685486	27.6647045685486	27.6647045685486	23.998991015442	31.9079089647424	27.6647045685486	27.6647045685486	27.6647045685486	27.6647045685486	30.7874286105405	24.8664124763586	27.6647045685486	27.6647045685486	31.8255146478248	24.0606474531169	31.8468400126965	24.044658167679	27.6647045685486	27.6647045685486
ENSG00000198771.11	68.1119444489004	92.2497802945518	73.7599133379527	85.1680418413087	94.7180914007061	66.3438016776952	88.0568070717924	71.3451419958892	83.4859077645274	75.2438871668779	87.343488859797	71.9264076824761	64.4958202734206	97.4445913555005	94.274696504738	66.6545325358082	66.5714178219753	94.3928851831456	100.484223000311	62.5549141665964	83.1953319909472	75.5063789426674	152.192304415393	41.4853364390761
ENSG00000203805.10	150.550433643609	64.9430494029542	114.618947457307	85.121776656465	137.230845582125	71.178731086195	120.43132893404	81.032258531002	101.015190707963	96.5570845572718	117.12665504321	83.3070407367628	99.9459799145125	97.5895607110959	95.53881448047	102.092638985058	138.646817081694	70.458371013127	98.7625072527723	98.7587893410586	93.3690369479921	104.468021550467	67.055032554404	145.756197410126
ENSG00000204882.3	24.4928660859057	24.4928660859057	24.4928660859057	24.4928660859057	24.4928660859057	24.4928660859057	24.4928660859057	24.4928660859057	24.4928660859057	24.4928660859057	24.4928660859057	24.4928660859057	27.930594965171	21.4894370331871	28.2016069073988	21.284613889153	24.4928660859057	24.4928660859057	24.4928660859057	24.4928660859057	24.4928660859057	24.4928660859057	24.3351338619309	24.6516518278977
ENSG00000205517.12	67.8706438360149	32.9302996961427	63.6391904983688	35.0785632642773	44.5440539753962	49.998270792059	54.8755188739313	40.6065116117864	60.8151479559741	36.6822226881327	65.4968419183294	34.1005856280396	40.2594896017719	55.3525770069907	47.6355823891718	46.7492651619582	45.4640392876236	48.9839343587781	50.4174943840434	44.1749123996266	42.6775010485408	52.1946890971448	54.5414092856905	40.8532498841113
ENSG00000211448.12	152.546557255778	151.293302178355	191.029120392048	120.884509445839	227.022553373643	101.841519534253	224.623108636696	102.919695481228	234.310338512848	98.7031844890434	239.254021963431	96.6839156467119	149.896874724488	153.967940363504	111.193155224159	207.782949937257	150.980638018433	152.862499659228	228.281667470488	101.284880121976	205.339066342575	112.50750989107	410.729105195237	56.8654442176505
ENSG00000213160.10	149.373158022579	88.7641696357639	149.83932168769	88.4894096761627	116.09654470058	114.132252132097	141.355776815916	93.7754788450574	103.280229916286	128.30959002348	110.243094852706	120.194262521067	110.216358538572	120.22344345889	104.27691975974	127.080766251186	139.179185276209	95.2364045528449	114.735166407607	115.486407981675	113.690946975896	116.547277881217	132.449139448995	100.059889070388
ENSG00000214357.8	161.870453620789	111.99408069934	168.301315899466	107.727110803994	147.738336471473	122.684607206195	128.972688785074	140.528450308239	153.632129057566	117.985542320141	143.806259020352	126.035264505998	147.840022503172	122.600336783268	141.957789849966	127.674986214573	204.02415553411	88.9447821610178	138.350250845576	131.002212048653	128.832261369326	140.681722613809	291.59184578761	62.4335840981232
ENSG00000214548.18	8075.23950704659	5656.35381326707	7470.40359665736	6114.28968522743	5923.83521059069	7710.59250266973	6900.88442929731	6618.87962402234	7031.7206316247	6495.72646242015	9068.95851885635	5036.62279068092	5924.1065246877	7710.23935171229	6903.59896886696	6616.27705998496	7027.16954394641	6499.93329881247	5679.40987051361	8042.45503563793	6108.67662448269	7477.26818205443	5476.06664448441	8341.11992112045
ENSG00000226445.2	939.921599289093	1514.88862302556	1328.36852237156	1071.83870570155	1000.78782252312	1422.70991705271	1535.43726276483	927.35030975678	1590.00067635089	895.547798555588	1434.46168192592	992.592531772832	973.95623780515	1461.92281492642	1058.72712230205	1344.8240242755	879.349855354321	1619.31097278171	1043.0939419711	1364.98565619357	933.01869590056	1526.10323627477	946.617862560912	1504.16625348134
ENSG00000235750.10	299.931978646797	168.144803142066	277.455662284602	181.722946241241	241.583016205881	208.657507134087	265.17062446171	190.122339420887	297.545497744214	169.48870739249	266.225913959201	189.370239063105	210.31259928667	239.680264684301	258.433546918935	195.069359348631	345.574146406284	146.028858470787	232.75118873558	216.569820457495	198.058780875424	254.526663371379	220.198899492495	228.913975766107
ENSG00000250620.2	29.3980794662846	17.9529389834082	36.9257889097311	14.4160973290911	22.9370723729109	22.9370723729109	22.9370723729109	22.9370723729109	27.8478502417	18.9289667521409	26.843857671566	19.6238929633926	22.9370723729109	22.9370723729109	22.9370723729108	22.9370723729108	22.9370723729109	22.9370723729109	22.9370723729109	22.9370723729109	24.986262333526	21.0639104442817	42.7507899919228	12.5582662814346
ENSG00000253123.4	31.6777020729266	25.086777799889	32.5116405611231	24.4484651420483	23.6878843050853	33.566206960501	32.7582768201158	24.2660796221493	31.8413297790748	24.9588243593902	39.3684965096338	20.2481324771894	28.1842280736664	28.1842280736664	28.1842280736664	28.1842280736664	28.1842280736664	28.1842280736664	24.9302577353153	31.8780985054865	31.7707263319847	25.01386863109	37.3201533036996	21.3374551513669
ENSG00000262655.4	388.917515473123	522.198575931916	219.069742785604	928.600369750438	249.017327936005	816.449759739052	511.699005132882	396.890840851298	559.72896244728	362.868856700261	336.797226764278	603.129868116986	353.210763008569	575.056478844272	444.883706532746	456.475627589526	308.969148581382	657.573267881922	313.747919393263	647.534019087513	295.820342457592	686.878462951277	269.902772311407	753.047440284336
ENSG00000272573.6	54.9979913956018	81.1527385637068	66.7913773895263	66.7913773895263	66.7913773895262	66.7913773895262	66.7913773895263	66.7913773895263	66.7913773895262	66.7913773895262	57.5386611912966	77.5539904165203	66.7913773895262	66.7913773895262	66.7913773895262	66.7913773895262	66.7913773895263	66.7913773895263	66.7913773895263	66.7913773895263	94.642339157518	47.2091604072943	66.7913773895262	66.7913773895262
