NAME	S1	S3	S4
ENSG00000000971.15	9409.28520909946382744	6325.05157303998839780	1573.31067902910490375
ENSG00000005059.16	342.08850038717389452	92.54663009246721117	27.24111876298995227
ENSG00000005884.18	44.34383327400313846	176.78962745036386650	1255.24167262681885404
ENSG00000006747.15	22.94426618263249651	125.08940501539804302	935.76128319222345908
ENSG00000007237.18	2223.05299823609038867	1447.99071230950949030	26.61295684479429369
ENSG00000010610.10	17.30198280300540503	73.26103761381682489	1806.39767550614510583
ENSG00000011028.14	1397.30671834808026688	378.69109052832584439	251.76476519199593440
ENSG00000011422.12	3010.44026876709494900	990.00511486948585116	462.86667955271354913
ENSG00000011465.17	163726.12182725893217139	122618.06345131220587064	3813.25705675986318965
ENSG00000013375.16	1912.74645224308483193	947.25752596579241072	386.92816119856456680
ENSG00000016864.18	2244.54471329711032013	1180.94393279369069205	642.53191207763870807
ENSG00000017427.16	4267.02898250405996805	4941.68373177160992782	46.63763363063437595
ENSG00000017483.15	331.40083093886670440	13.30402504750130532	15.78007911713850397
ENSG00000018236.15	362.21715835764803160	128.47590728623609380	13.30402504750130532
ENSG00000018625.14	13.30402504750130532	13.30402504750130532	237.32292509001896974
ENSG00000025423.11	70.22311637731135647	13.30402504750130532	13.30402504750130532
ENSG00000038382.20	1379.91305412116525986	762.07555448756136229	272.11216931259093599
ENSG00000038427.16	33663.49537004475132562	7115.17759220265634212	1440.47602383187086161
ENSG00000039560.14	2090.71420949986168125	227.94118447435891994	313.40001969531351733
ENSG00000049192.15	316.83113336277563121	44.07250077284330558	73.18550520850601515
ENSG00000049540.17	3289.20882337138391449	572.96215555526055141	341.80180339037133308
ENSG00000053702.15	92.54371087223985626	152.49386759240300648	1715.09228166943057659
ENSG00000053747.16	54.10122205734293743	111.28395835158906380	1284.91492781081979047
ENSG00000055163.20	51.24655716369608172	30.34993795912231107	423.89925757149262608
ENSG00000058091.17	777.19003984972016497	414.10891677410990042	204.42058383603495031
ENSG00000058866.15	13.30402504750130532	44.03715262301671629	602.50900581970438452
ENSG00000060718.22	2394.82326260195804934	36.13721839917010215	15.10187184552325057
ENSG00000060982.15	844.91647425574433328	182.37562804116893744	79.48517164932533774
ENSG00000061337.15	103.35013995747917193	51.48934938940810468	559.98977583016221615
ENSG00000064205.10	3059.23478713349322788	642.02999424524159622	70.93358042809660446
ENSG00000065534.18	2231.75902525524361408	1841.52957265147915678	27221.38528857577330200
ENSG00000067798.16	580.93327118386991970	197.23265719083408953	20.49844360486250139
ENSG00000068831.19	24.41398967025980227	19.79326483602359943	167.11819799905651962
ENSG00000069122.19	49.76400783384799809	235.47609548300505367	4003.79430926891473064
ENSG00000070182.21	13.30402504750130532	16.48393585456449983	57.12151893505524924
ENSG00000071242.12	560.56269297470430502	303.34519841339391633	54.20481502497199955
ENSG00000071282.12	2247.71209163130151865	477.32762049964713924	800.14283280119286701
ENSG00000072422.17	463.37751494475003256	126.86379008056601947	19.58847156962444558
ENSG00000072682.18	4158.49465384052382433	1471.74201137741965795	1251.92816469284434788
ENSG00000072952.18	532.95982167629824744	265.14030165188188448	4694.53238893629713857
ENSG00000073756.12	617.39889172737002809	214.36702660993705649	17.83580250440590120
ENSG00000073910.21	241.61604920620686698	188.27733704572708007	2113.34004851652889556
ENSG00000074047.21	379.61882188153322204	205.40844735881807992	19.10703457861754728
ENSG00000074181.9	489.58321370349494828	636.54430622112943183	6917.93626965834118892
ENSG00000074410.14	1203.63328650151970578	344.44278447806226495	15.53295320749809960
ENSG00000074695.6	3799.15150636984071753	1747.38114221393971093	1493.48349122431545766
ENSG00000075213.11	218.48033813792892488	22.76152488617900715	15.53295320749809960
ENSG00000075223.14	2255.87489379880071283	583.25243847009869569	104.80112735009544167
ENSG00000075618.18	80.70211366049770163	23.90332712991130393	25.61186036851919567
ENSG00000075884.14	29.61450298296445993	65.52530572906999851	982.96231229163652188
ENSG00000076706.17	75.06033282049470756	652.63639369141128554	22359.73207680864288704
ENSG00000077942.19	24276.36538839554850711	9284.76998097625255468	1911.61037918185979834
ENSG00000078018.19	50.07904019207184376	38.93550964879561604	662.70869064798580439
ENSG00000078098.14	6574.65225542940424930	767.87762761131057232	142.90207737754246864
ENSG00000079257.8	759.06968709704005960	389.92141851244917916	101.08512063389116520
ENSG00000079931.15	601.54097292457709045	43.95895464211069736	13.30402504750130532
ENSG00000081189.15	332.37009594839457804	536.61313364575300966	9051.76513877920297091
ENSG00000082196.20	1944.11273224089336509	122.08103893054301636	18.30162174662424945
ENSG00000082397.17	760.64133201714946608	350.07912411187072621	15.13393631793935512
ENSG00000082482.13	161.91165869907706565	13.30402504750130532	13.30402504750130532
ENSG00000082684.15	13.30402504750130532	62.48489278912260403	939.31410285158119677
ENSG00000083782.8	27.11708309813789342	13.30402504750130532	13.30402504750130532
ENSG00000084636.18	2342.29466253106875229	621.15050724671800708	383.13006154726190289
ENSG00000086991.13	803.06001504849359662	90.56620599699336083	13.30402504750130532
ENSG00000087116.16	3909.59129245111353157	1006.37839899234973018	802.48808369792959638
ENSG00000087245.13	49763.22165053134085611	10212.66099607491014467	544.84590487318359919
ENSG00000087494.15	506.13480082657855519	106.33265466689499590	20.32100690823189382
ENSG00000088280.19	1036.84975015401505516	584.10049151368173170	141.47529952895351357
ENSG00000088756.12	417.96824793331666115	128.34615187940696046	24.59956843264545512
ENSG00000088992.18	13.30402504750130532	18.44632731870209952	129.92581377107396179
ENSG00000090104.12	18.94410952443465135	89.70766172374051450	24.83124178989135089
ENSG00000091656.18	3480.02033201571430254	2578.99161299501975009	180.74911597283357878
ENSG00000091879.13	230.66846040335502721	119.80455782121799757	4092.84441621368569031
ENSG00000091986.15	41437.08215891418512911	15040.68843153319721750	2298.39495448919933551
ENSG00000092068.20	558.43552761654677852	245.21874569382595155	18.03267211544665116
ENSG00000095370.20	20.36923806974590434	55.32115025625471105	298.45149268488705729
ENSG00000099139.13	1182.89160190397024053	421.85442967655092161	39.69138797692590259
ENSG00000099377.14	1560.01314671059026296	389.64181843615114076	145.56999686006898287
ENSG00000099953.10	611.40243433099988124	109.02090899939497604	504.06923204184147380
ENSG00000100196.11	2686.70136251121357418	703.30490109808499710	293.43821660557102859
ENSG00000100292.17	366.84995746136951311	128.62609984619203374	48.66965835159325593
ENSG00000100302.7	21.02166332141754168	13.30402504750130532	278.95250922748448374
ENSG00000100311.16	13.30402504750130532	13.30402504750130532	302.97267998291158619
ENSG00000100364.18	1302.30721379329952470	692.26243127826808177	250.93313282678087717
ENSG00000100628.11	13.30402504750130532	16.96866626624060359	109.40205751171049542
ENSG00000100739.11	152.37631286860295177	13.30402504750130532	13.30402504750130532
ENSG00000100934.15	2757.22104281733390962	851.32145492992447089	1421.73611081234002995
ENSG00000101115.13	211.59154149771893572	13.30402504750130532	13.30402504750130532
ENSG00000101134.11	208.39687409701394927	18.75216585752799858	17.35954340962765130
ENSG00000101280.8	13.30402504750130532	20.41136564671209896	161.50780435008041991
ENSG00000101463.6	185.08284408696002288	13.30402504750130532	13.30402504750130532
ENSG00000101605.12	51.34554771260674499	138.09897647671297705	1012.62796481568329909
ENSG00000101680.15	259.41108298838094015	93.97559108407378403	13.30402504750130532
ENSG00000101825.8	9843.93577212303534907	3641.19568889768152076	916.11535659165292600
ENSG00000101871.14	450.76309587419098079	119.70702115611602778	18.15514000729814725
ENSG00000101938.14	2681.88465643095560154	1828.96537779981963467	34.47204428306980617
ENSG00000101955.15	2667.74391729057515477	2637.18434977341939884	286.15003734537731361
ENSG00000102359.7	3525.17546143760591804	1401.65224616875070751	330.72337888014243390
ENSG00000102802.10	2559.15306505386524805	642.48201427617414083	250.04293742826490643
ENSG00000102931.8	1870.44436389270003929	1012.53424256798962233	592.82479632503122957
ENSG00000103175.11	13.30402504750130532	29.07041463020849648	751.13047533095073049
ENSG00000103647.12	393.75417072741140601	101.45931563509698492	18.62133366102575138
ENSG00000103742.12	674.56026642712413377	474.92871542870244639	17.99400612779905373
ENSG00000103888.17	425.94971037549601078	21.92720790244879936	15.21361570460585355
ENSG00000104213.12	8226.12865023479207593	5054.33938212059729267	249.21723995781758276
ENSG00000104332.12	1102.37174354396393028	614.50664443532548376	144.63375529115495510
ENSG00000104368.17	4044.30922682048139905	2321.36477095033933438	1797.01207060552451367
ENSG00000104415.14	812.57942991921572684	42.67142319049871446	69.38922622519540084
ENSG00000104435.13	196.60629638464089908	22.90982832334189467	13.30402504750130532
ENSG00000104611.12	231.81316153084480902	139.59893246121399102	13.30402504750130532
ENSG00000105655.18	153.65080209697703140	292.50688812223563673	1312.24209607819011580
ENSG00000105664.11	1593.29715247681406254	28.43962789539579816	15.98070966616975142
ENSG00000105880.7	20.29447087134479943	13.30402504750130532	249.37435568727352120
ENSG00000105989.9	1341.66802329516985992	247.57560793713014391	13.30402504750130532
ENSG00000106080.10	1162.07185926937518161	517.71939636809509011	175.63865048500397847
ENSG00000106366.8	7214.99828399204852758	1541.67912309342932531	878.87936758284945427
ENSG00000106392.10	684.27270643464953537	301.30220671724885051	120.78894151979592664
ENSG00000106483.12	10142.47483297115650203	918.17256511253208373	54.01939165447053881
ENSG00000106538.10	3283.21389423726486712	1552.44943581886877837	628.53930074305890230
ENSG00000106809.11	3562.00602017178971437	3155.09424434445099905	120.02580207471640961
ENSG00000106976.20	385.34722674997107106	168.97504342484802464	32.82040177158425820
ENSG00000107099.15	31.15765153226693585	169.76792713064293139	534.41866080433737807
ENSG00000107317.13	1164.71063111082548858	770.47568342007764386	19.54380245719929832
ENSG00000107562.16	9306.79316147668760095	10268.39091522039962001	434.94920364014069492
ENSG00000107719.9	13.30402504750130532	23.75806877810510187	112.91704052569701844
ENSG00000107731.12	842.96249621992808443	50.78002584475799353	168.59809841406297437
ENSG00000107796.13	7709.99236210251729062	5698.02090172495354636	226986.11540861550020054
ENSG00000107984.10	65.57229862705214884	13.30402504750130532	13.30402504750130532
ENSG00000108100.18	1008.33772109069707312	517.63241970660374136	329.36969335848596074
ENSG00000108387.14	215.24936051392896275	513.66199477185602973	6814.72663607676258835
ENSG00000108639.7	55.69451900334580330	126.84351162059502371	658.52271992648411469
ENSG00000108821.13	212719.77940720634069294	35972.41515168856130913	23257.79050071358506102
ENSG00000108823.16	24.42999898141799164	65.67662564779998036	477.27201680048744947
ENSG00000108828.16	5005.65345375147444429	1657.40229372584008161	679.25417139181377024
ENSG00000108950.12	1131.32162397002457510	713.54350972753536553	32.76764686293825690
ENSG00000109452.12	163.81309112813298157	396.52896526900696017	3156.01213115382461183
ENSG00000109625.19	646.56537815147544279	53.84347804198967680	13.30402504750130532
ENSG00000109929.10	646.70014260433765685	409.12599234711473173	85.64119568234656299
ENSG00000110427.16	356.65136305835699204	41.29549694862370046	13.30402504750130532
ENSG00000110811.20	1139.46174114704513158	231.24988297309400309	103.49529468039146707
ENSG00000110848.8	13.30402504750130532	46.74477462607688238	13.30402504750130532
ENSG00000111348.9	456.89605968647805412	3135.30801697380093174	8486.18900127537199296
ENSG00000111404.6	13.30402504750130532	37.57083539057050814	1080.08264905531541444
ENSG00000111424.10	971.20324453551893384	136.34170254133198341	34.72506407536034345
ENSG00000111432.4	16.44486536164620105	13.30402504750130532	193.57608735786993748
ENSG00000111452.13	717.07872154074482296	190.45997393472686099	21.99779812823159730
ENSG00000111799.21	8898.35014104972651694	1991.63763254190007501	2137.30040559806093370
ENSG00000111817.17	1817.79877817269425577	979.74038643303606477	409.92852203406550871
ENSG00000111962.8	432.13824573088419356	258.60549167495207712	17.94378832954185299
ENSG00000112183.15	20.97462828019345693	28.18817994838410357	205.93560289045257150
ENSG00000112214.10	13.30402504750130532	50.15713951705910745	1292.90632025774516478
ENSG00000112655.16	741.91671009107267309	191.85369535610993807	342.30196388025592569
ENSG00000113083.14	3330.57177442085503571	520.09077217794504122	33.75453740845325257
ENSG00000113361.13	26.98613410284905001	267.60219150076301275	6045.68887511507455201
ENSG00000113389.16	239.33568082312254433	27.80272265223349848	13.30402504750130532
ENSG00000113657.13	4457.65033137775571959	1195.18878889116035680	71.92717039204862317
ENSG00000113749.7	28.36218176965385496	80.69423772133819739	728.35918397162208748
ENSG00000113758.13	953.11807138472192946	161.62761218377596606	148.16250079677902818
ENSG00000114251.14	322.77138368839155191	50.06378401760489538	13.30402504750130532
ENSG00000114554.11	741.55990999552659559	244.87976940992712116	168.22760106373254985
ENSG00000115363.14	248.90325954621852134	13.30402504750130532	18.07330506479924992
ENSG00000115380.20	16582.11192480388126569	12964.61439135120053834	831.43951518507844867
ENSG00000115414.19	131225.87878666538745165	20667.36135227318300167	40839.44183413445716724
ENSG00000115523.16	13.30402504750130532	19.79326483602359943	13.30402504750130532
ENSG00000115525.18	620.59435048929231016	662.40506224937860225	19.35993383256089828
ENSG00000115594.12	3075.67867143833154842	995.26952934445159826	523.22701146821532348
ENSG00000115828.17	264.59673378128252352	35.85549860487039098	13.30402504750130532
ENSG00000115884.11	875.82810105716248472	27.73462399089769903	44.14597715735095562
ENSG00000116690.12	1644.16430840273051217	48.99955409147310803	21.42442576052039271
ENSG00000116774.12	7403.78800649028380576	4787.98296046571249462	1680.67949471645488302
ENSG00000117122.13	4407.80712351990950992	892.12896984860196881	84.50423184133688892
ENSG00000117143.13	3185.61883044749538385	1250.27046385898006520	250.83913585426236637
ENSG00000117152.13	796.22880841565711307	45.68540431274318081	56.39828510952294494
ENSG00000117266.15	17.69516687319524806	35.10510125579218510	409.49152891343538840
ENSG00000117385.15	1268.51515805273970727	327.86898533535094202	379.22414692556844784
ENSG00000117586.11	253.93748210497756190	30.40474239010128699	13.30402504750130532
ENSG00000117594.10	425.46157252056889320	195.32964922698400301	30.51320662055859501
ENSG00000117643.14	658.84909147922280681	612.82521083814060603	27.68265894541370997
ENSG00000118257.16	1109.86423779307006043	106.24683252810797285	118.44333488465457549
ENSG00000118523.6	19171.56251708584750304	6379.38166669559177535	5407.22758610918754130
ENSG00000118729.11	13.30402504750130532	44.94310976525340351	1136.07547360194075736
ENSG00000118849.10	426.55086744126947451	109.31817142698207590	19.11193773816464869
ENSG00000119514.7	226.58075894243452808	137.91186976281798593	13.30402504750130532
ENSG00000119630.14	45.49657722864063913	124.95236756508492704	788.89470617260030849
ENSG00000119681.12	7743.87784889870090410	2096.70816514160924271	1693.54966109028987375
ENSG00000119714.11	142.06063498606241069	16.87139798662130019	13.30402504750130532
ENSG00000120594.17	4521.98879372651572339	2064.74780661613067423	103.57482349600107341
ENSG00000121068.14	52.90700646916549488	42.27196231546000149	370.51826805971938938
ENSG00000121281.12	318.33534352883395968	77.10861145862878629	22.68268420035554556
ENSG00000121690.11	134.96697178567546871	13.30402504750130532	13.30402504750130532
ENSG00000121898.13	1015.36782026576725002	390.83983322757671885	18.65530533011089886
ENSG00000122121.11	345.82518978184947400	322.21121954819778921	13.30402504750130532
ENSG00000122176.12	4494.06787938177694741	2493.63371482572028981	1356.53408178918016347
ENSG00000122367.19	17.76266034042039266	53.20990687812520292	1354.10386010353977326
ENSG00000122420.10	747.52244701091046863	165.62336116268591013	13.30402504750130532
ENSG00000122641.11	4497.09147174647932843	161.74079456491901396	1034.88574340817422126
ENSG00000122707.12	2105.88716677235515817	613.61628982521688158	271.14635291119901694
ENSG00000122861.16	2039.55405681791921779	635.47310758104845263	412.84993832022394145
ENSG00000122870.11	7591.88976740002817678	5071.22037700611781474	416.74340957736882274
ENSG00000123095.6	379.47792240294762678	170.93839294256895300	43.90319676755479605
ENSG00000123384.13	12642.00654769845277769	3157.53559453590833073	1405.74214974628512209
ENSG00000123500.10	1246.06991831100594936	24.78571567339309567	17.62470595345390123
ENSG00000123610.5	4889.81122895898715797	2067.86215458209971985	1082.71837007810972864
ENSG00000123989.14	406.11431492300425816	103.74586493554495803	105.18760299042546080
ENSG00000124212.6	5694.50993602471135091	1278.95835467581969169	40.53519283527813855
ENSG00000124343.13	1003.02110919284427837	156.75412580520003303	17.52971363258344795
ENSG00000124491.15	387.41881520409748418	24.34253612427440316	13.30402504750130532
ENSG00000124780.14	13.30402504750130532	13.30402504750130532	75.31086179636889710
ENSG00000125675.18	238.31164199265094794	110.14299343776394835	13.30402504750130532
ENSG00000125730.16	56611.49847665156994481	39981.53018018818693236	539.82397967521819737
ENSG00000125810.10	13.30402504750130532	13.30402504750130532	244.92544881813296342
ENSG00000125844.15	2300.82444361699026558	564.64947303630674469	1031.41424249007013714
ENSG00000125895.5	13.30402504750130532	13.30402504750130532	266.29257987209734893
ENSG00000126822.17	87.78072041955891791	128.41361646446992495	878.38307771008362579
ENSG00000127083.7	1589.70929938212839261	986.89049829641010092	19.35390868269549713
ENSG00000127951.7	1254.99866600219502288	943.87657303758373928	18.40855145322994701
ENSG00000128591.15	436.17972850213334368	131.98694645612098952	13.30402504750130532
ENSG00000128602.11	337.83867854455036195	71.78482639012396760	29.34206535848870345
ENSG00000128606.13	1144.25519300473024487	447.72596465612809880	124.33580824944297660
ENSG00000129009.13	11266.92119075899245217	5639.44070714448116632	1074.06587182956991455
ENSG00000129038.16	712.61392010212944115	130.71543898821303742	53.69705664994194905
ENSG00000129048.6	650.38697313067837058	189.35745465163500967	13.30402504750130532
ENSG00000129226.14	1310.38546517612030584	347.17093819944096822	47.41515636796938793
ENSG00000129244.9	29.36565002795369494	68.13795020280240067	808.00674704178436514
ENSG00000130037.4	13.30402504750130532	13.30402504750130532	318.14843305539091034
ENSG00000130340.15	2354.40767997200055106	1037.43063952469879041	567.05620610421055972
ENSG00000130528.12	13.30402504750130532	13.30402504750130532	101.12092326325509362
ENSG00000130592.15	1998.90649150608987838	1195.85542460824922273	156.47286683274052166
ENSG00000130600.19	1912.18544190610919031	654.49565056079256919	161.54147954172947266
ENSG00000130635.15	10226.41365455455706979	1854.07818849470982059	1741.32670818209999197
ENSG00000130702.15	43.30300135614375279	57.26387380969310215	359.60815015098000913
ENSG00000130755.13	24.80586069950885530	202.76779601188098923	873.38342448208015867
ENSG00000131055.4	17.58112889709469684	69.95053451550721491	1944.10188560767892341
ENSG00000131097.7	13.30402504750130532	38.06905136723630534	1915.06021882572508730
ENSG00000131370.16	1390.88810727472446160	975.45111850308182966	86.77411101306375940
ENSG00000131386.19	1495.31585223474075974	269.48517799957596708	15.62980918447450485
ENSG00000131389.17	931.38741033580947715	176.65885827096303728	22.74240135441289823
ENSG00000131446.16	1450.71660887368511794	547.76577217612782533	335.33700148110801820
ENSG00000131459.13	3235.38326441747449280	918.17256511253208373	148.97543985773461372
ENSG00000131471.7	87.87076816812843560	51.85849420046268676	1909.06415946715014798
ENSG00000131620.17	231.59814579642659282	129.27519874449293980	1552.87072236503945533
ENSG00000132840.10	551.35086141418435091	821.42816038418152402	17.47537454817710056
ENSG00000133026.12	1986.57240395236931363	953.65197229920181599	445.90632006414057287
ENSG00000133048.13	1227.35112136058387478	115.01876571995504150	39.64078592047120253
ENSG00000133107.14	13.30402504750130532	13.30402504750130532	191.57090538996604323
ENSG00000133110.15	38275.33938170828332659	3245.97814762600955873	2446.79416149635562761
ENSG00000133138.20	524.30026970662538588	246.14723835276308250	93.90809232353754510
ENSG00000133392.18	56.22645187261774424	501.41397847508113728	17043.57163848090567626
ENSG00000134013.15	1847.89677705016083564	183.29176374729092913	1002.78284632596842130
ENSG00000134121.10	618.26492659229711535	256.56996900690091934	13.30402504750130532
ENSG00000134243.12	266.41108927122252226	731.04805220549019396	3325.24634953996337572
ENSG00000134259.3	62.44634911278165390	39.19398240009979162	404.34058315451954968
ENSG00000134363.12	1193.42042723192025733	509.57551229949206117	136.47116154658601772
ENSG00000134531.10	11256.63769814665647573	4464.21617440115187492	1752.98186244287035152
ENSG00000134775.15	191.47231293160695031	35.69039388469099805	13.30402504750130532
ENSG00000134817.10	39.01227464431718772	13.30402504750130532	458.16952035452180780
ENSG00000134853.12	6996.59205539302729449	7181.81113148615713726	90.64696606585671645
ENSG00000135052.16	2000.99139755921510186	823.85946432121920679	508.18503582197217838
ENSG00000135218.19	292.64715987903900896	508.02302768373078834	4750.53250864435631229
ENSG00000135272.10	591.03386611127018568	264.15017672480888677	125.02650595095596486
ENSG00000135318.12	1892.67945791789315990	636.99790161523856113	143.26025306126800274
ENSG00000135424.16	53.76189625991555943	69.06913595773087877	1620.95002204118077316
ENSG00000135547.9	34.58946680888099934	21.04991202475740408	697.35667946243097504
ENSG00000135678.12	102.95740596247898679	293.02735782154195476	1885.64484614373941440
ENSG00000135744.8	65.45288876807521206	152.99157720820304007	761.60636924318635010
ENSG00000135750.14	183.64325194485610382	37.80730491185669706	13.30402504750130532
ENSG00000135919.13	2681.12988226158950056	469.74518014005366240	53.51245905520629265
ENSG00000136010.14	877.05965286877585640	252.40971514059802416	213.69450128820901114
ENSG00000136040.9	972.41237632979800765	285.04285656698101548	21.42994996201580449
ENSG00000136044.12	1495.37511546085988812	592.97339481729886757	345.75147753755442182
ENSG00000136048.14	1149.21377631197469782	463.45128537261985002	181.35987826828397829
ENSG00000136052.9	809.56646054700945569	304.95128087589381494	23.86394102908375103
ENSG00000136068.14	2106.43193394392437767	1160.71785701981957573	293.79308708452765586
ENSG00000136153.20	952.32645511724126663	145.00738066388905168	224.67930780195104035
ENSG00000136235.16	18133.14057476705420413	8239.75350929503656516	3773.42833413352764182
ENSG00000136542.9	529.33019920389642721	23.75806877810510187	13.30402504750130532
ENSG00000136859.10	6122.83662305832967832	2441.01798087155202666	1070.83307625953511888
ENSG00000136867.11	780.61932699437670635	299.82099581591205606	72.99782873030946462
ENSG00000137033.11	653.37539060815242919	591.11539658708102252	21.15297181562489470
ENSG00000137558.9	31.92680808286984728	42.21365864320191008	1795.70271917627974290
ENSG00000137573.14	7056.51388892537397624	1589.57547060116030480	2602.92735130002893129
ENSG00000137672.13	16.66017152110690347	24.45063721670530654	897.73778405892244336
ENSG00000137745.12	28.25348960718994817	13.30402504750130532	13.30402504750130532
ENSG00000137809.17	2696.93290964272409838	669.34366601224144233	131.88998553212095999
ENSG00000138028.16	115.35658924112952661	18.42886503665960518	13.30402504750130532
ENSG00000138061.12	5451.48391959756190772	1277.10418253667876343	65.58939577190473358
ENSG00000138080.13	68.56582405247088730	26.28833255370620847	24.65084782041260070
ENSG00000138356.14	1242.08984020154593964	344.99516779370276254	13.30402504750130532
ENSG00000138615.6	13112.47725284468833706	1962.91041825779916508	43.27405264081943415
ENSG00000138792.10	253.81183443810363087	700.11202016169625040	3707.79357369856506921
ENSG00000139155.8	13.30402504750130532	13.30402504750130532	163.87192277182944622
ENSG00000139174.12	1218.67587544847447134	530.31101609758013637	29.96226215809174676
ENSG00000139329.5	101574.17982158152153715	40099.63010572556231637	2971.00823289636491609
ENSG00000139926.15	3522.11986189852450480	1214.77443442488038272	580.08053389482483908
ENSG00000139971.15	290.11186553293237012	66.23565439655310172	25.54033236489570413
ENSG00000140092.14	6897.03955248408965417	5854.07120817488703324	61.37368242849609601
ENSG00000140285.10	5459.57736217444471549	4713.97803129398289457	229.66302314369445980
ENSG00000140931.20	1549.15984512293539410	562.87486401004298386	505.16716757845608754
ENSG00000140937.14	7286.50085534080244543	1371.12547622288980165	1394.33041055911962758
ENSG00000141052.17	13.30402504750130532	16.96866626624060359	414.15689698132905505
ENSG00000141524.15	16.92732785809939955	38.29034116445558311	210.45575625999308045
ENSG00000141696.13	578.60288727600539005	169.08111953544599260	141.99459388263554160
ENSG00000142173.15	3099.64943642752950836	1138.78167081755987056	1106.91685000161965036
ENSG00000142552.8	1084.65784719884049991	121.50897648110300509	75.54417414707425849
ENSG00000142871.17	8662.01167210656785755	3731.11541767160906602	2555.03303135180067329
ENSG00000142910.16	20.87834861348604676	153.72055838156694563	1246.01745720241979143
ENSG00000142920.17	398.11959117595574753	106.40943808814002125	44.58283169238228538
ENSG00000142973.13	59.44350551387354642	611.66214714044951961	15.21361570460585355
ENSG00000143196.5	11670.71482930740421580	7525.10014328746183310	65.59302355725174039
ENSG00000143248.13	90.28957556755945291	638.89532037222670624	26054.93979273035802180
ENSG00000143320.9	1618.69172305173378845	1074.53929264329008220	57.11334615166681772
ENSG00000143341.12	2464.95148955933382240	615.14790986406683260	40.53024582337089754
ENSG00000143369.15	5164.90779047331125184	1217.36962282163904092	871.42272241344733175
ENSG00000143382.14	1037.47068412468979659	341.08022277822510659	30.54238971494609700
ENSG00000143387.13	39624.92714587958471384	15394.04043828828434926	2637.05241329539421713
ENSG00000143786.8	258.69984236387841747	55.16093561734868445	13.30402504750130532
ENSG00000144057.15	262.27208135302407754	13.30402504750130532	21.05865054135590242
ENSG00000144136.11	3691.15285934157509473	1385.63305467283021244	703.07312323379790087
ENSG00000144810.16	6906.11085355595059809	314.18323279712899421	88.18918523408963495
ENSG00000144857.14	1693.97542989512953682	1650.74666239842144932	155.33317790392396773
ENSG00000145147.20	4669.97890757557252073	5040.64046286934717500	672.50720668893382026
ENSG00000145244.12	106.01031561963011995	13.30402504750130532	13.30402504750130532
ENSG00000145423.5	11992.07279838335671229	2276.84854033538931617	100.50790051927795332
ENSG00000145536.15	316.81450205164190947	23.94381607626410613	13.30402504750130532
ENSG00000145685.14	1676.01791541485022208	908.06083199391343896	155.93586280269695976
ENSG00000145730.20	6805.93954777434646530	2003.62258379872059777	1903.66736166534974473
ENSG00000145936.9	66.99183775238205385	293.00012654087498731	1474.69200189760999820
ENSG00000146242.8	1037.01314612544592819	384.63215635569616779	296.76653641419648011
ENSG00000146374.14	284.48540076754136408	86.27230381528056569	15.17237119898160280
ENSG00000146674.15	2105.77320494533432793	1026.42726953369992771	265.81890725146496379
ENSG00000147883.12	422.99089606900906801	60.48155741406380059	49.68994094380504833
ENSG00000148158.17	435.92262260446148048	82.78129835232419964	28.19219942928094724
ENSG00000148344.11	2012.84999744731430837	989.13093328163790829	36.56824760700725108
ENSG00000148671.13	665.67978362928886327	3412.11210492725831500	8615.88613241640996421
ENSG00000148700.14	5423.06551020404822339	5477.18812344501475309	849.73192017915948782
ENSG00000148848.14	5875.30181425377941196	831.08560724756614491	648.68942340773855904
ENSG00000148926.10	1525.99085846162415692	901.67022271844507486	48.37758778105524016
ENSG00000149256.15	388.89160913278431053	43.84491277049878732	17.77433957570449863
ENSG00000149380.12	511.62927964830919336	21.92720790244879936	13.30402504750130532
ENSG00000149564.12	18.11498673989509811	37.56260021752158451	783.14699018520354912
ENSG00000149596.6	13.30402504750130532	16.95972168883790232	456.56960639060247331
ENSG00000149633.12	376.69331070560485841	145.49013811045199418	109.84547627550384163
ENSG00000149968.12	393.91169995389702763	13.30402504750130532	13.30402504750130532
ENSG00000150394.14	13.30402504750130532	13.30402504750130532	39.28508147526009964
ENSG00000150551.10	18.72765344855834968	13.30402504750130532	266.84323806705157267
ENSG00000150630.4	262.58297673561082775	30.84605508360630211	13.30402504750130532
ENSG00000150636.17	233.97569230813647323	155.48833089206698332	3325.97061720524834527
ENSG00000150687.12	5063.74485635632481717	1367.39600199880055698	2693.48631280995414272
ENSG00000151320.11	16.83514535801730005	19.81190912731500475	804.89218755985871212
ENSG00000151468.11	212.50475566550500162	83.94392747908838714	1891.51776260893484505
ENSG00000151617.17	279.34749846288593744	102.75228056114498543	3295.03424387451468647
ENSG00000151692.15	729.00379690662020948	116.65887079122293812	32.62621321169899602
ENSG00000151917.18	211.66571955209099087	27.54148045729380456	13.30402504750130532
ENSG00000152377.14	2288.09220589906544774	272.51031934022586256	18.58237031618654811
ENSG00000152402.10	106.78053308884699391	212.37417719073195599	1606.23425390707029692
ENSG00000152661.9	3199.51951395668493205	1569.96379692382947724	62.66051139921846413
ENSG00000152952.12	1657.53151634865002961	423.21013997414013375	230.40846037101300681
ENSG00000153071.15	6428.42273287397802051	3729.75936981670929526	1367.94000841273032165
ENSG00000153246.13	806.40079556471869182	427.48331428281619537	144.31915207658997247
ENSG00000153707.17	511.92635506346914553	223.44335754560390228	18.35405363436154857
ENSG00000153823.18	428.33733747319547547	548.08823995342800117	15.13393631793935512
ENSG00000153902.14	36.52065583099340529	87.90921111912348351	427.96400982921693412
ENSG00000153976.3	114.07210817809857417	13.30402504750130532	13.30402504750130532
ENSG00000153993.13	329.06250966581211514	190.56072073707804293	13.30402504750130532
ENSG00000154122.14	1869.03712361246448381	851.32145492992447089	345.39399412522755028
ENSG00000154153.13	303.49964268652189503	107.51680894868204064	18.60304086910150190
ENSG00000154175.17	8468.90003758270904655	3257.00792606378990968	199.84283463157800043
ENSG00000154229.12	403.12859138331543818	79.42328777588309663	70.57449694025959275
ENSG00000154258.17	1408.96953889967994655	1341.10049412688044868	24.56542260911879438
ENSG00000154262.13	3319.45504598954175890	5313.42003456626935076	50.43903115357984746
ENSG00000154556.18	134.77808676671651256	259.17455897149091015	3155.21866274643070938
ENSG00000154721.15	641.03237964282993744	328.74941662769884942	17.19247793065440177
ENSG00000155846.17	58.81838623586833137	52.20055938244538396	526.92994871045345917
ENSG00000155886.11	38.00940684327520103	13.30402504750130532	15.10187184552325057
ENSG00000156011.17	674.18085669841252638	331.27479111762892217	92.00827392734055366
ENSG00000156265.15	187.24384301833995892	153.99312728788601135	3854.81524375297794904
ENSG00000156453.13	18.38068733921059561	20.41136564671209896	425.70373045829194325
ENSG00000156535.15	1390.66852647952009647	846.37526610375846303	186.38730551608395558
ENSG00000157103.12	14.73591333380850266	24.54614062787799611	571.28091548493603113
ENSG00000157214.14	1785.73209074248961770	1059.94214268996051942	51.76053889736798652
ENSG00000157227.13	484.85181331317994591	170.48596688201504890	110.22139850755004886
ENSG00000157240.3	962.39226450001865487	314.94418508685106417	149.73081178233496757
ENSG00000157551.19	174.82283160223897767	13.30402504750130532	13.30402504750130532
ENSG00000157613.10	510.70648948759378527	124.56367739573495612	17.79455799878164868
ENSG00000157680.15	218.97557810149547208	13.30402504750130532	18.04664069662074866
ENSG00000157766.16	25.33812675008580584	21.60804708068009816	1324.52843066371451641
ENSG00000157827.20	595.98792963333607986	473.51586666035285589	89.35022345276308897
ENSG00000158270.12	1600.86257915619080450	1382.78611570065936576	22.08203745843339760
ENSG00000158747.14	1265.08129141703921050	220.26355922871289295	179.60771698384900219
ENSG00000159251.7	13.30402504750130532	71.61310712566100278	315.16613910424359801
ENSG00000159674.12	1432.71478801379862489	350.32329755634589219	66.49268779797071716
ENSG00000160285.15	883.80782578780952008	446.63241475975490857	177.59441904727302131
ENSG00000162267.12	17.75345611294574866	26.17832129334979996	312.17282369449299040
ENSG00000162493.16	1171.18274215282008299	182.37562804116893744	19.92767150426879752
ENSG00000162551.14	373.98805465379462021	88.61537860247167941	21.23755580891250005
ENSG00000162591.16	560.66504439813252247	146.86311072945503042	46.81276793128110114
ENSG00000162804.14	1901.79888731073538111	1334.71440947120890996	137.79685880298751499
ENSG00000162849.16	485.65326434463639771	13.30402504750130532	34.86381407624725171
ENSG00000163017.13	50.57689843434380350	419.68139905469877249	8625.81760099564962729
ENSG00000163359.15	76979.36251286017068196	23063.98669959992548684	7135.87918006619111111
ENSG00000163364.10	456.51452982474467035	228.74182865724890235	94.62519087124266548
ENSG00000163492.15	13.30402504750130532	13.30402504750130532	40.98307937979760140
ENSG00000163520.14	10996.11002636440753122	2474.09186108892026823	1441.68035966202910458
ENSG00000163531.15	44.50415775278224118	167.38284744782109215	3654.72102231217013468
ENSG00000163661.4	241.30772862133090939	145.32175331518504890	13.30402504750130532
ENSG00000163751.4	13.30402504750130532	36.67439629334008089	13.30402504750130532
ENSG00000163909.8	182.48640008715855743	131.32016164757604315	3315.09928787283524798
ENSG00000164023.14	743.09623015411648339	206.74659951943402802	199.67951922722699010
ENSG00000164125.15	2194.63575195314933808	689.37522603858189996	449.69995604195798933
ENSG00000164128.7	20.86817555715699868	70.41183977745261302	982.11396804226831136
ENSG00000164220.7	247.63304418295052756	35.36913917457258805	13.30402504750130532
ENSG00000164294.14	3110.10894542138430552	1092.46180140354044852	600.74067069462660129
ENSG00000164484.11	443.49023988635269689	24.85778543765540505	54.68566739037225233
ENSG00000164530.15	5918.85483904315697146	1668.13691061541976524	28.26975297365105178
ENSG00000164574.16	1547.07949279850527091	618.44987655133081716	262.90299714365289674
ENSG00000164619.10	431.61851293130172280	174.90976712095203993	13.30402504750130532
ENSG00000164647.9	1190.49346292715517848	552.66616685902874906	17.99870044636150013
ENSG00000164692.17	306457.32766671653371304	85194.77493803188554011	66192.84730316979403142
ENSG00000164694.17	3328.75707275108470640	302.34593023102195275	77.99428961275714300
ENSG00000164932.13	3816.60402184872918951	426.08909297858184573	37.66370486643251070
ENSG00000165092.13	1574.67272807073914009	1802.61423281759039128	21.65169033445489788
ENSG00000165124.18	4970.43221152705336863	4516.39874042816700239	484.09059025621201044
ENSG00000165474.8	299.75515719864949915	13.30402504750130532	13.30402504750130532
ENSG00000165757.9	584.44581183721788875	60.55431986847138148	18.71947929190934445
ENSG00000165929.13	83.26267517879355751	295.47465220339000780	13.30402504750130532
ENSG00000165959.12	119.62729311398800291	1004.64544954454970593	4538.54969868191437854
ENSG00000166033.13	13018.52376688776166702	4520.91927662535090349	1689.08630324439536707
ENSG00000166147.13	24957.45541557909018593	6154.24156316436074121	3742.79731654048373457
ENSG00000166148.3	17.62067463542914680	131.98694645612098952	1763.97352947837453030
ENSG00000166250.12	2401.89594463720413842	1425.71636168379086484	54.79176582449964883
ENSG00000166341.8	519.59163796699499471	177.69434949891794417	13.30402504750130532
ENSG00000166592.12	43.21552590325948984	34.00374507620519893	261.34457939166588858
ENSG00000166831.9	30.28390191240165308	27.54148045729380456	372.57986002710060802
ENSG00000166923.12	2270.40683131793048233	104.69888315787396493	17.97124741471225207
ENSG00000167123.19	1522.64905977923945102	291.54993680291806868	497.95089916507765793
ENSG00000167244.21	1654.91337954793470999	937.56257982647343852	71.09819733983303536
ENSG00000167332.8	13.30402504750130532	13.30402504750130532	476.95133912745819771
ENSG00000167608.11	25.97075495428615710	21.99261354210999642	292.18573556457312179
ENSG00000167641.11	17.32070458871580598	25.47635406176259565	229.58916675792306705
ENSG00000167779.9	2610.13429760387316492	1073.08085445820006498	258.50711028527462076
ENSG00000168079.17	1858.10132424379844451	1222.22045644682043530	20.56136386445280095
ENSG00000168398.6	455.30561454803671495	187.99280623426187731	13.30402504750130532
ENSG00000168427.9	13.30402504750130532	17.63525200830429185	207.16217827633599313
ENSG00000168502.17	216.86117457920795459	45.39123491691319856	25.02717515999794884
ENSG00000168542.14	244116.48091242881491780	64635.39612758909061085	47728.39679761005390901
ENSG00000168743.12	51.05315973276381669	55.48397469015490913	1318.05388065276588350
ENSG00000168938.5	4278.83591731742126285	1951.94328721588931330	1430.95475189552053052
ENSG00000169071.15	602.74701847700259805	110.10058113719901485	19.65798490557359557
ENSG00000169116.11	209.60852896984800964	447.78827719223477288	5154.35261050499866542
ENSG00000169507.9	13.30402504750130532	13.30402504750130532	880.60783823417591520
ENSG00000169783.12	16.81745016302885531	30.75159318049810508	134.31337477868044061
ENSG00000169851.15	1367.24510718171495682	327.20393944878998127	65.41655246665618506
ENSG00000169902.15	783.09484682349852847	323.47457924072313062	43.50558591568674416
ENSG00000170266.16	2025.31983953492908768	1206.15675994435991925	716.13821031663746908
ENSG00000170323.8	133.55686973292498010	502.81674169886866821	2458.88214511557362130
ENSG00000170373.8	29.91641427944004761	13.30402504750130532	13.30402504750130532
ENSG00000170412.17	23.19845084816505221	101.63288743146694060	577.11114410407685682
ENSG00000170558.9	172.92059243964351367	13.30402504750130532	13.30402504750130532
ENSG00000170624.13	1556.25992984025469923	567.74584441952811176	16.84319402613560257
ENSG00000170801.10	1709.47778991149993999	520.61178400271126065	39.67780682457084396
ENSG00000170921.15	785.67570574929573013	178.22835839464809737	38.95438767864460772
ENSG00000170961.7	1619.25277982929492282	311.28699675296871874	30.23814289809740430
ENSG00000170962.13	1635.55000619149086560	617.04785731683386985	17.44254386460264783
ENSG00000171303.7	13.30402504750130532	17.29266366827220125	151.70520414872902393
ENSG00000171451.14	702.77315333936360275	332.35765325224076605	156.79839603974545525
ENSG00000171812.13	962.68990634853969368	337.11694735939488510	37.18504584702726845
ENSG00000171840.12	600.03994452573829221	138.91682304839497419	13.30402504750130532
ENSG00000171914.16	870.68688772102291296	622.44405157824485286	91.60068554987508094
ENSG00000171951.5	363.96228685821546378	13.30402504750130532	13.30402504750130532
ENSG00000172061.8	1956.64332848689559796	22.49339464851729531	13.30402504750130532
ENSG00000172156.3	145.36753044508242283	13.30402504750130532	13.30402504750130532
ENSG00000172159.16	20.12758740973979599	30.20386936052698346	527.22750867133902375
ENSG00000172236.17	13.30402504750130532	40.37257907970041515	13.30402504750130532
ENSG00000172260.15	1068.51503886753516781	945.31038253201313637	17.27215731732090021
ENSG00000172638.13	2039.51694382983578180	1049.25243551604989989	507.62039262454129585
ENSG00000172986.12	1136.45986202408016652	296.94823453659802226	25.80048232356840998
ENSG00000173068.18	2315.73119399767983850	888.89405458247858860	76.95176787830158105
ENSG00000173267.14	42.93125246653680449	70.75643922281940945	349.05098972747975949
ENSG00000173546.7	96.75413897663446505	129.45867361927597017	1767.06464552954503233
ENSG00000173705.9	28.25929192894855291	56.57516700029471224	486.69427405319413538
ENSG00000173706.14	3496.60512889431083750	1256.51066004692893330	1416.31408777756041673
ENSG00000174348.13	1990.22416718366457644	702.57585889483505071	63.99364389609214498
ENSG00000174705.13	3251.80743192542013276	1838.53493396837939144	546.63519637496699488
ENSG00000174944.9	13.30402504750130532	25.31760057241399764	495.48999738168856766
ENSG00000175348.11	1172.91486695472985957	514.03050784072888746	261.70052504204647903
ENSG00000175899.14	3426.78895252668326066	11742.09021733208828664	41086.66499402832414489
ENSG00000176170.13	676.55237706340290060	47.40913704387218530	94.54133842972731827
ENSG00000176641.11	171.35167647634645505	232.84774624883306160	1759.18272587295973608
ENSG00000176788.9	1095.39453231017978396	266.42611849814011293	81.62454675078316768
ENSG00000176971.3	1793.40937639866024256	433.36402085756424185	43.82481443986699787
ENSG00000177098.8	21.87676254227504558	124.73409195066805921	1031.38933271662267543
ENSG00000177363.5	363.40728882827028201	207.24018798939894737	13.30402504750130532
ENSG00000177464.5	13.30402504750130532	17.63525200830429185	644.58588252614742942
ENSG00000177990.11	26.29856295101834718	119.16559839669403686	1077.77793758885536590
ENSG00000178031.17	958.41507754246572404	131.68082425479292397	13.30402504750130532
ENSG00000178878.12	72.15242041852822297	152.99157720820304007	3077.57131201731954206
ENSG00000179097.5	13.30402504750130532	13.30402504750130532	356.02397429692871356
ENSG00000179542.16	228.33406778586993369	29.13390499128630751	13.30402504750130532
ENSG00000179772.7	22.95792959411215861	18.88611427133079701	172.95663156384750891
ENSG00000179954.16	375.18306365558737525	89.68853502708208225	48.73857471378953932
ENSG00000180263.14	336.12092277901490434	40.37257907970041515	20.45803550645814894
ENSG00000180447.7	1461.84051484640485796	625.31151214635588076	60.74109202312057221
ENSG00000180616.9	18.38751791083114995	41.97453505948238472	899.88136853650416924
ENSG00000180785.10	13.30402504750130532	17.29266366827220125	3222.24631890951013702
ENSG00000180875.5	198.72610960818599324	13.30402504750130532	13.30402504750130532
ENSG00000181104.7	1911.88862667962553132	249.01544912782907204	262.27901379296133655
ENSG00000181195.11	319.16859797359046524	30.75159318049810508	13.30402504750130532
ENSG00000181458.10	2163.54280250391593654	281.16774403463114140	144.15184209628552026
ENSG00000181856.14	13.30402504750130532	48.46400188902109107	223.77075633998498461
ENSG00000182253.14	45.62447620981534158	144.89315543082793170	724.86535974465573418
ENSG00000182667.14	738.47062677786811946	183.91202877303109631	45.38235255410805991
ENSG00000182704.8	1048.91377932948512353	371.32602095377973228	240.00803733712143639
ENSG00000182963.10	112.73623743218101367	85.58533276462888750	3935.03560111209480965
ENSG00000183010.16	902.17985272794135199	147.54037438345901023	68.54343608029800805
ENSG00000183023.18	40.99420985621924274	45.01486324295367325	750.53161754666643901
ENSG00000183160.9	1590.37760229788545985	367.23453366621163241	145.79881059037001023
ENSG00000183230.17	13.30402504750130532	13.30402504750130532	65.61877611415533806
ENSG00000183287.14	274.48346111095941069	67.74493810397338223	13.30402504750130532
ENSG00000183671.12	193.60203844147395102	13.30402504750130532	13.30402504750130532
ENSG00000183688.4	426.95455102820926641	192.69852827942295903	100.61138241145081906
ENSG00000183762.12	392.79976537512015966	209.36468799609190228	24.66520241767659627
ENSG00000183876.9	156.36374473613255986	13.30402504750130532	13.30402504750130532
ENSG00000184060.11	15.23644002875185421	38.06905136723630534	1355.81709694752908035
ENSG00000184254.17	1081.52981031601461837	327.48781475467120572	16.80117857507810442
ENSG00000184408.10	346.19944964858939329	145.62600139587797798	13.30402504750130532
ENSG00000184489.11	35.34659979099674132	115.21687208295202254	1044.01268548952612036
ENSG00000184985.16	177.75186247301451203	24.45063721670530654	13.30402504750130532
ENSG00000185070.11	1332.01013108041092892	715.06516745161320614	38.42840059672166575
ENSG00000185339.8	1279.19557176614443961	829.46937712930662201	131.89540895267052178
ENSG00000185565.12	349.55269924972088802	31.77860371095840719	13.30402504750130532
ENSG00000185567.7	1896.69562357523000173	791.92635944910091439	19.16670807445429858
ENSG00000185633.10	49.58853709422652400	165.08196729121303292	4918.46267587867441762
ENSG00000186340.15	9420.92769361407044926	2064.31781651039000280	441.79882638607756462
ENSG00000186417.14	27.66330482183369455	37.07919060763699548	328.08156857262838457
ENSG00000186847.6	17.53652669286094934	18.73828935533660456	241.85582225265699208
ENSG00000187068.3	37.50944248650709767	223.61637321653586241	1005.36767550582408148
ENSG00000187134.14	1023.99746763980465403	195.86288231460099496	73.02422181759706632
ENSG00000187210.14	268.63333559068865952	22.14142324895199465	17.41585099059059871
ENSG00000187513.9	13.30402504750130532	27.13524959763179467	2310.17774429495966615
ENSG00000188042.8	759.56457534071910231	194.85565855794803269	70.76784345778543184
ENSG00000188257.11	3336.69191981204539843	1540.29561219325933052	79.71822717295661676
ENSG00000188536.13	28.40267794678439728	3505.88954444220689766	76.37067380815784645
ENSG00000188643.11	3357.16097085262526889	980.31982563615758863	116.24000810409398809
ENSG00000188706.13	1712.88663551982517674	895.19532467759540850	159.74050397043745875
ENSG00000188783.6	5070.36600480555171089	3537.57566049572733391	817.36927735673998541
ENSG00000189320.9	323.47177025106947212	84.36659833533329333	13.30402504750130532
ENSG00000196352.15	2763.86144963473361713	567.16615740353336150	444.70435803579005096
ENSG00000196376.11	13.30402504750130532	13.30402504750130532	115.62254927136953597
ENSG00000196549.10	1012.54744499810567504	582.31183220297327807	22.78523861096714143
ENSG00000196557.13	15.05027398384980586	13.30402504750130532	231.63715578077346890
ENSG00000196562.14	1937.13808253761089873	426.72827847763676345	189.12577316328844290
ENSG00000196569.12	4191.17947506810014602	3119.47903184368078655	24.14796848888439484
ENSG00000196611.5	81.30219953222356821	13.30402504750130532	13.30402504750130532
ENSG00000196639.6	529.68937055449123363	126.46986106979205999	18.59123587719565052
ENSG00000196730.13	200.85415822848545986	21.63180917198160458	13.30402504750130532
ENSG00000196937.11	1642.81868907829084492	790.13475699685011477	529.95349965477248588
ENSG00000197253.13	13.30402504750130532	46.74477462607688238	13.30402504750130532
ENSG00000197301.7	153.59649482009351118	27.11547099133958483	13.30402504750130532
ENSG00000197415.12	90.68142817676879019	13.30402504750130532	13.30402504750130532
ENSG00000197461.13	430.16187050883985421	646.28241883256669098	3086.75010357883456891
ENSG00000197614.11	11847.01734400034547434	3091.48181707368712523	51.40099296465710665
ENSG00000197635.10	2065.92682878960386006	94.37893671880954116	13.30402504750130532
ENSG00000197971.15	729.72881147661746581	429.03588526591090613	26.75809493468799616
ENSG00000198053.11	870.60622377803451855	412.64353049681790253	38.91559648554854789
ENSG00000198121.13	1776.66664302771459916	1470.51503987286855590	22.11369864980564870
ENSG00000198435.4	18.05587085374880019	36.66374874674249185	602.48773490134726671
ENSG00000198523.6	53.23319680582758906	51.36186145910917844	2533.22690285380576825
ENSG00000198542.14	2939.62771274239730701	228.55999653363113566	67.81506199612553587
ENSG00000198626.17	13.30402504750130532	13.30402504750130532	393.42562121062303504
ENSG00000198682.13	1240.05718028299520483	578.54959107739875890	306.16054026156444934
ENSG00000198759.12	60.43508803899133852	44.73517844357410667	1294.91644530577013938
ENSG00000198768.10	113.35350914931444777	13.30402504750130532	13.30402504750130532
ENSG00000198771.11	22.29856009782320569	37.88547723329209305	1020.66134772632176464
ENSG00000198796.7	261.78115814639954806	21.40706653211179500	13.30402504750130532
ENSG00000198947.15	315.12139800409750023	569.89587653283604141	2178.02723820064466054
ENSG00000198959.12	763.35004733908203889	58.54474376968149585	34.03161388620078753
ENSG00000203805.10	256.71556581905002759	13.30402504750130532	13.30402504750130532
ENSG00000203867.8	13.30402504750130532	13.30402504750130532	122.91506437227197068
ENSG00000204262.14	20314.14477585516578984	5232.71034947302723594	6592.96457736247339199
ENSG00000204381.11	214.17579115164451764	48.11131632028178728	23.86026794032875387
ENSG00000204882.3	13.30402504750130532	13.30402504750130532	120.53212966545696361
ENSG00000204950.4	13.30402504750130532	18.42886503665960518	115.78515673037050249
ENSG00000205517.12	17.17591673724424695	24.78571567339309567	322.64626375368334266
ENSG00000206172.8	13.30402504750130532	616.22829592199877879	19.62665976333300222
ENSG00000206538.9	1027.61057930397532800	518.76159763211535392	185.06810279788106754
ENSG00000211448.12	1502.45752216425034931	259.59080530271876341	30.87882908051349062
ENSG00000213145.9	1037.85735102971375454	3048.16150892335099343	7090.09573324368648173
ENSG00000213160.10	57.84646216516924255	166.59611111671804906	1684.05673229552940029
ENSG00000213949.9	875.49186485238988098	505.99509272260388570	7292.35210838122384303
ENSG00000214357.8	36.57648049995751194	105.91034933871505075	2144.14649544656094804
ENSG00000214548.18	15048.76206962845390080	10569.68260922479930741	804.49145657233691509
ENSG00000218336.9	195.60221384166052871	24.85778543765540505	13.30402504750130532
ENSG00000221955.10	467.01258394361178716	21.92720790244879936	28.49168984450646036
ENSG00000225383.8	22.81381806207465246	39.96936308365069834	301.78686888416837064
ENSG00000225614.3	159.53949017034756253	29.88554473118810861	13.30402504750130532
ENSG00000225783.8	121.97859184597106719	13.30402504750130532	13.30402504750130532
ENSG00000226445.2	8529.98293367010410293	3075.69203830301012204	449.48796434910411790
ENSG00000227051.6	1182.19882580767057334	515.37140316735155920	18.13788080382010293
ENSG00000233608.4	401.06096390251389039	115.86895321227791555	36.03082206783604846
ENSG00000235750.10	141.54147646099050917	497.37481997423532221	3008.38513155748296413
ENSG00000239264.8	3197.86527560361719225	1968.99815951982031947	1399.36657096696944791
ENSG00000244734.4	32.51716639766959815	7641.68121189355042588	137.44304328374698798
ENSG00000248441.7	21.15294631381970092	34.26687202764369289	273.46919381042761188
ENSG00000249669.10	395.23134598337856005	618.66492002872792000	6392.97480520916178648
ENSG00000250334.6	13.30402504750130532	18.25450325555370412	244.12022418989741368
ENSG00000250620.2	13.30402504750130532	13.30402504750130532	282.43218127519253358
ENSG00000253123.4	13.30402504750130532	46.17762237273818471	372.07990095804649400
ENSG00000255248.9	2359.10453601632025311	943.75077755759798492	50.64136060376981163
ENSG00000256540.1	16.73586066170100040	20.52557597601420625	138.36645723839353650
ENSG00000256694.1	13.30402504750130532	13.30402504750130532	119.18942707165651029
ENSG00000259583.3	263.76237030131301253	90.37291789202399173	13.30402504750130532
ENSG00000259807.2	221.12345001688396451	31.02262237352009677	13.30402504750130532
ENSG00000260244.1	133.10391162600848247	77.69896028699808710	826.37304369257378767
ENSG00000261655.1	13.30402504750130532	13.30402504750130532	66.99190824037044933
ENSG00000262655.4	1779.18725659455139976	107.94091346072397641	27.66786532981220148
ENSG00000272573.6	15.92973771689030293	219.70399272179787431	3028.21901975425862474
ENSG00000272841.1	129.94703473022894968	16.95972168883790232	13.30402504750130532
ENSG00000273319.1	613.55904607790023420	1382.35206653356067363	402.61652156906552591
ENSG00000275302.2	16.94906426757970053	63.88207612623170206	34.41994423251770741
