GeneSymbol	4033	4034	4027	4028	4112	4113	4116	4117	4214	4215	4315	4316	4340	4341	4344	4345	3532	3533	3536	3537	4299	4300	4722	4723
ENSG00000005884.18	952.69832409844	595.706595092411	2345.77509743866	841.827358972589	820.637630886645	285.183394348715	1075.41297000242	492.430837344267	894.708679617917	677.460280813579	1175.48406632372	454.086168698666	1507.50525624934	1144.58363118637	1527.57241477529	1775.0114014844	1058.60924484582	630.299835772956	1322.63049715027	875.157601370575	1720.34668607219	874.822423519143	3698.22003816401	1880.56070708326
ENSG00000006747.15	109.354304738905	134.450142849903	145.387949733446	117.990050629636	147.987440988951	134.440806179604	146.766416454879	143.401440558899	131.395942880982	167.265787187836	124.307552103078	175.767592619904	103.157865231583	100.036948230599	96.2971259188074	115.147537303875	95.9596791581168	123.966983088525	107.945548646501	111.311150501194	110.709712030837	117.972307783037	161.777252975667	462.676568420742
ENSG00000007237.18	413.237468270061	1017.07319330684	296.386499897295	953.535442685327	792.44818451581	1117.74986322308	630.818245444093	781.35877807641	708.813440172918	1035.48821482894	301.358767645698	552.898787718977	456.976850255138	476.504321660924	413.295821166873	396.420673374955	487.406854528708	745.443610281181	511.058523885167	907.079350840716	357.702309694722	654.197299024005	197.659375455489	1057.41062711852
ENSG00000010610.10	265.846681927938	80.7509995550715	380.462512868661	80.2669973283966	105.192536277705	97.9938058422629	178.865551196346	92.2223557167484	223.619000367865	66.8637600078859	202.416601582627	89.4042050218151	97.4441084971206	82.8270608364532	95.6007232692922	87.5656862130767	116.167469397203	88.7477302913005	127.627303760072	88.6371746120157	95.3875389498014	93.6290264949185	685.036797524993	141.547134258042
ENSG00000011465.17	11873.226972469	22884.5219587778	13348.7541556173	16087.6539538709	32994.7361902447	57840.4578687928	18457.1218677693	26598.5941197575	27901.1717015748	25472.7976067201	24381.9345045493	39403.1077717145	17246.6176581946	20346.2340155096	18617.7478583536	16069.8960757652	11066.5741834882	19939.2053428116	10141.2993137902	12286.5681787198	18509.7594500131	37464.9452394446	23009.2373932697	20954.4509884625
ENSG00000017427.16	225.378345721048	572.935093715674	88.5189623412749	132.955197060808	237.203279084843	2166.80003649991	129.897139088315	161.33663553978	207.777420269891	211.364767900594	612.52593579134	1661.50480030972	120.183465011183	247.351998736485	130.394780644644	187.528079644523	109.308484483904	633.478944359539	211.232557260763	500.612384588084	143.273277513659	272.064121585673	92.4225563767874	129.108035070055
ENSG00000053702.15	181.55880416134	163.875410049735	177.086497099129	180.912586143315	179.211742623229	178.98754543979	198.446080487466	174.035269159583	150.748521837441	191.433550169017	192.003532188515	158.359588507789	171.578766333812	184.209753498307	186.838433717444	165.034128483318	186.1526935812	189.303635042557	146.508528056069	200.310916598397	159.91405703687	174.938627324613	156.770532372446	197.852739514241
ENSG00000053747.16	505.0952083804	407.366437915906	174.340674966618	178.221168669918	211.086415253026	355.581776447374	203.409392432716	198.603116241937	210.072960879152	255.582094362263	278.25329567806	330.316018391786	245.73379409735	233.763952536169	148.539849828009	166.670280915916	180.239776434069	301.075637828166	219.082693059203	250.23472172238	239.974801068283	218.997710000151	173.529761896741	176.166321765419
ENSG00000058866.15	170.660988947071	121.801712262663	137.660787335046	107.960381899095	103.895945542288	127.957065397728	119.078526405619	140.933445664441	102.25394882363	120.246415106763	108.992257688457	114.082786091037	107.749046860013	128.383240058204	109.971689737449	115.164380567886	124.744038860182	127.87036732895	171.456853977419	162.461452237229	96.3105596725478	98.7231603984551	185.251590262746	134.515573180995
ENSG00000060718.22	718.804481180181	1201.01828741098	1192.90245324038	1742.80070364616	1875.67023981691	867.926754603389	888.484819483105	1468.0283124268	707.667028612167	1032.69046790378	1210.4005359231	1394.13097907031	1075.98652762487	717.666707168396	829.717387356387	182.916922035677	949.255287445278	1956.98197529167	410.375399738852	336.251603838816	2230.03895190586	1892.57671855497	918.92492450438	1265.78659986406
ENSG00000064205.10	113.458447683006	781.331329067818	199.604072112683	461.501964656087	269.975278739986	784.221824863451	132.165867061318	755.348343973078	697.851610231095	780.333816988932	329.396344588436	576.777071883957	83.9880723957674	83.8593815018203	111.433706148852	78.0338539089071	87.7982815203091	702.337952502614	92.9643093490039	100.97183404975	116.268150401202	747.26209408337	108.430254433891	318.649197594782
ENSG00000069122.19	269.26095773382	61.5530952396502	726.57995567104	31.6457401470289	91.5055144215983	38.4357231636254	98.6252246849234	37.3534927817953	266.315037028344	49.6954572792822	322.171020300533	71.1928257008291	73.9234733493702	68.1792851186172	80.3386148722824	46.0215057662577	73.8404074838038	30.5009049797038	229.006550779468	59.4690194298502	198.024155557051	104.109962055818	1179.31991586329	146.085718411635
ENSG00000074181.9	2185.55477719704	2085.5991550423	3973.10630048379	1450.18076914035	2792.11571890823	2673.60091777988	1438.23314408073	1112.94920110426	4501.09136235341	2160.76694137709	4512.79481018014	2929.44942088633	2416.40930369686	1771.90850205517	2609.10660836176	2461.35192931005	1204.99621967194	1967.61400597967	1903.62341073159	1339.41163403584	1832.27741899049	2396.38621541884	7031.05347532508	5164.73166198667
ENSG00000076706.17	586.799747182219	961.132659434177	722.504683327435	474.355638606594	544.235899704241	806.985851681314	410.261830512586	1003.16002325053	554.449612025455	1304.65451730071	640.809309023566	1154.03209100484	358.092079943389	273.401037639467	415.961527551256	282.554825861553	325.260326621158	649.548706661418	391.659982360495	326.796049850129	310.379092974066	546.772097405985	4179.71361679643	1471.06189589926
ENSG00000077942.19	3814.13630039164	4703.08158911281	1730.98489924677	2372.66785958594	5491.86447529857	8356.08950161383	3549.18541117436	4957.09039440188	4994.84190629091	5894.35820407283	3062.7695079914	5232.62675591665	3330.35744469782	3701.07829964365	2601.49500351357	2373.57149972779	3467.51534489412	4786.28297079929	2647.32747120133	3412.2568369805	3607.13610511878	6554.57524329663	2426.65063218951	2420.61091476111
ENSG00000078018.19	52.6314176270028	31.337315084299	101.369780606248	30.9062863099033	41.5112082964313	39.1597599634423	45.0539888145728	29.9515958992178	39.706538443672	32.4932798978959	43.7341247565102	33.4791969244363	50.7113319883569	44.5456912729093	30.6180462833371	36.3060283739886	40.1645088272807	32.6362221266629	52.5390595793591	48.8930673746104	30.5382369471049	34.4298176671218	124.86207861935	77.1947481272303
ENSG00000078098.14	5732.9139446278	5315.66401782371	5050.46287039767	4054.5309173403	7174.1291485688	6683.28337933988	5659.76839890407	4509.68039924182	5530.08361498573	4751.27424095635	7398.55930361735	6517.79860169013	6230.84474372294	7046.82960157795	6264.02724728923	6165.49541442082	4828.07914306113	5580.72619746976	5001.67521246925	5705.68188093903	6473.60170129955	7677.15202422209	6361.0679685302	5453.76942720582
ENSG00000081189.15	484.082327954008	727.962094094711	435.996587853453	380.01844076652	381.647225272513	649.157996975948	273.559255037515	410.802188681608	348.674218289791	435.280140599385	443.576055789288	543.469089436599	242.796939720704	232.280134969421	195.002573096154	167.539879764658	296.24593324064	454.971081143256	314.282679881646	417.071371270269	217.636734031251	262.650748906551	681.49337996921	583.472526884514
ENSG00000082196.20	373.334977023508	263.088925744626	264.884175263198	181.514738255468	744.005226191815	459.826693896977	255.344701632163	314.017798456212	296.936561147389	323.051654053925	388.379528744165	366.389416254527	348.813796176673	307.218981637852	617.198236815427	500.644025940278	319.612250441689	259.304754460832	241.308344827403	240.368457702847	548.178638804146	614.553958125004	268.534627859689	419.696376756467
ENSG00000082684.15	93.4663603158381	93.6888676446589	96.7481146485504	79.2240446963157	89.734181510072	89.8852875000861	92.2104678620731	79.2240446963157	79.2240446963157	79.2240446963157	94.8155265354349	79.2240446963157	93.1328067325956	79.2240446963157	79.2240446963157	100.702220968068	79.2240446963157	79.2240446963157	79.2240446963157	79.2240446963157	94.2608678083273	90.2347375868953	148.765981398353	79.2240446963157
ENSG00000086991.13	561.342964633369	372.55168759159	622.820947179326	356.200266554737	216.931916712683	149.207053520753	312.69003384354	193.343770670246	399.497709017164	283.581975767829	487.83542593481	294.980790116132	566.022757044545	508.230068060279	421.53139429913	424.633181071311	465.118115533865	408.680311946747	365.245360413878	385.137884951066	649.79088708934	486.542460794654	143.953002695997	507.474447765686
ENSG00000087245.13	22007.2363432921	24406.0625090651	19159.4384973114	24041.7394263982	25606.5683510461	28417.5674769001	24304.6617945247	24336.2961953027	23593.5352957367	23807.7373958064	28442.6952716645	32949.846043039	23290.785904005	26592.1353997639	23812.3557254388	22162.791566118	20210.499173859	27826.6338878954	21697.1175096525	25653.6034419983	23941.8933643682	28975.8225127094	8877.95675491686	20520.0565091882
ENSG00000091986.15	17277.0144346139	19542.9189050994	24485.3429212089	26605.8636477545	19207.324750268	18735.734718803	22697.7434182142	26478.1096291346	16339.2069191136	21425.0559840901	21604.366178661	21728.1628354621	28094.6532458973	26602.0399076576	23379.7526380548	20308.5978020496	24619.3135716966	18010.215158709	17071.9173939032	16131.7620931425	20294.3391540281	21343.7919521863	10809.7268316162	21859.9207361281
ENSG00000095370.20	84.3336535846974	79.6728661755413	90.9904140698151	60.3880935428487	71.4638790861438	76.8509482423085	72.132617155512	67.5439340198737	82.5173949197947	60.3880935428487	81.2515032239986	68.3449039934181	60.3880935428487	60.3880935428487	60.3880935428487	67.7377121911194	60.3880935428487	74.4028266410501	67.9697383322811	71.5599366307326	60.3880935428487	74.8961983590366	100.964234624552	60.3880935428487
ENSG00000100311.16	52.4024324201852	95.877536783943	55.7089021614418	49.9811298839226	44.8831225215572	53.0525243948027	51.7424532827927	52.4147651059255	52.8840801961884	59.7385115629892	60.0284952925414	53.2764259785513	62.8907666688715	52.3792202632681	52.8744729569413	56.1942648676274	54.5171092929403	58.4221568351088	59.5669352299815	62.5097081900623	50.3618685129769	53.3254373393404	71.8527083302028	96.3954068446895
ENSG00000101605.12	155.475649282732	186.307949149927	139.448318561683	128.151758835352	197.24344924663	290.551041738089	131.9194713548	120.859525005141	174.71102431171	158.716953504541	199.988264700058	225.603332214713	157.275482693041	144.031752466287	159.877197137281	145.829273199437	118.397440363462	144.451589192339	153.926931431411	163.058672186316	151.456687040902	164.137903792075	234.399029610077	160.780284340509
ENSG00000101938.14	166.641246951754	352.515981526347	157.018364874508	382.52706430898	139.610283774717	245.490821454737	189.031132980583	299.873474458722	286.219069026207	328.990940429445	241.896173546618	344.949542233244	200.168614345231	228.059170722937	202.065576720281	208.92998742797	212.339996114518	315.984262804709	151.763812279624	169.464298481535	142.514156519918	239.09363664869	106.267520943989	187.958846268523
ENSG00000103175.11	143.150420361147	65.4878321176236	238.367754989823	67.3854236931137	75.919005502753	66.1405215959922	72.8388052589661	62.510400732431	94.9847678549736	66.0286183904907	156.906813661779	80.0586071008437	87.3177441069693	77.3210756525979	83.0042408942203	73.5167536593155	62.672262698443	70.7583415568805	116.469897380359	68.5439147047602	84.1010221233449	69.0423747433226	491.35790117529	89.0170035040881
ENSG00000104213.12	322.508465850542	231.491723537256	319.654786749866	182.252396736671	297.6202761706	432.397812202348	300.281905980237	227.881215718583	171.628889445545	184.100144642593	422.326062549171	387.72756631885	309.013095510881	488.428607787415	200.821574549447	316.590750555652	278.372354752241	334.792517992507	490.670980017116	414.326767060697	191.384255993219	203.93703319812	292.298966834777	234.264904154013
ENSG00000105664.11	2148.6088378289	5892.11565513456	143.050462752854	1223.42501248743	1302.8646756207	3296.34440776105	498.5381662582	1200.10138191711	3328.24033022419	3261.54043136566	1457.4926306883	3039.52872316024	587.521033871269	563.183743111096	2159.48649563067	738.243315539196	354.245241277083	2202.40527235452	742.163912760868	1951.15765868911	419.876722189502	984.661256307851	289.457537518471	1512.07374477027
ENSG00000105989.9	385.533296429779	897.835459244677	299.46278657107	934.084453908108	894.339115720357	1595.43905157508	491.134973298857	860.603471103724	1039.62252586757	662.884268202397	604.680151806475	869.963578802157	503.414601894633	723.926038213551	267.23633075838	322.035899931852	360.071909699817	1224.69543477301	367.727660716514	538.479106893251	270.541835237253	640.627411465866	249.577750382401	741.441600820402
ENSG00000106483.12	806.555050445986	3476.05172616923	271.498954669526	2058.94565744726	868.873673417987	5353.39056522298	615.293027916325	1456.50380316772	1308.57546971972	931.901871356294	1160.67570455185	2896.2344486493	471.392823788951	1420.65394129779	166.800487615972	169.030726860152	314.494139699167	3007.1227981924	437.526885685372	465.30740419247	289.064456500455	929.387776154146	90.1800288415476	707.641768523141
ENSG00000106809.11	270.733971656578	212.714062407847	105.238428383139	158.818447222947	311.170430516836	788.324504200519	174.659436445417	255.73102788574	119.080136346227	208.900098484547	185.292557495667	408.000930704138	149.459780758608	169.274407627881	175.593786038398	137.213021655228	134.318124606467	137.99605080729	113.52651017459	123.27884665529	173.588544525541	231.350678900654	96.0939170966085	192.86827298489
ENSG00000107317.13	125.880635327351	144.512850866793	139.982503872855	143.382389218151	126.781884533797	262.510350244463	124.759557078822	131.730734560998	175.866613749867	156.762149729492	177.865212087493	179.331729353858	143.255455010149	158.97757912071	142.146638020127	175.98624374241	112.857678851042	133.306045624917	149.644854717977	133.207675390413	161.919091685688	195.193651097776	139.49708953877	175.616754905879
ENSG00000107562.16	2899.48319031394	2871.41074206258	4882.40146894885	1777.6887174909	1611.87747202929	2516.54647913418	2279.55356306054	3672.64493706165	2422.419238725	3484.45922035501	2117.75639398965	1358.58167041611	1429.84296186501	880.464171234294	2053.34271602763	1014.43856971717	2298.03462843225	2460.09699390427	1399.39192416595	1553.74151353356	1646.86184481879	1525.26064105875	9475.39038019745	3022.59409994191
ENSG00000107796.13	12678.741936364	2396.61848500017	28095.0469663684	3283.21479211419	10851.0787332456	3090.79056668464	6651.34481310521	3720.83682523335	9519.01713623468	4773.12060704877	16386.3110511313	3737.83416053178	11088.7918085324	7114.55735459215	7750.40821438336	6782.89672004516	6579.8363333051	2525.11008265575	9788.94317413129	3959.50513653937	13130.8788775907	7372.59214756608	62777.5648058569	13181.8620068604
ENSG00000108387.14	99.622965374758	122.390068221597	97.1515251685288	113.087127362833	91.1649018850639	106.341573837043	102.489928304556	101.698083913115	116.805960387996	140.619866520939	119.932241264755	119.160855896823	106.406363553534	95.1410405091707	111.400934826718	93.3077786350548	93.2750916238335	119.51049571608	91.0314120184567	113.931945888842	93.8091917027595	113.728163554977	126.642237050669	109.905433792004
ENSG00000108823.16	133.96623891577	97.9693847759172	165.965072139636	90.0131385909264	87.704314779535	173.243220514681	95.1996442549216	119.758766741282	99.8266052658007	87.7901241169644	151.358005074162	97.2890930338952	78.288348607177	85.9128505900317	77.2444051626447	86.6971132113374	84.9341055544964	107.43193583275	71.0223209518202	63.3136018663316	85.5558001960419	87.0628532912845	165.949622790968	118.115181610885
ENSG00000109452.12	468.213160302576	510.195142188572	518.522322766914	551.501748817369	487.053220563796	421.082395159012	323.04071657419	342.324025755344	458.345948505818	358.995736410942	479.920835574527	408.099871893576	368.296226210613	365.495907292662	321.785170638864	501.199605031213	326.94092333281	542.551096228334	468.628455852295	335.108730878746	559.164269902167	473.178127348335	219.832096557025	570.811990075222
ENSG00000111348.9	418.695234793146	262.001026247753	793.37106825427	246.863476133361	220.564315397935	139.750007957206	275.314143642908	286.882632123251	385.264304277165	244.593885374861	420.410827606673	257.635769055355	263.696715021026	232.388800820596	279.434464710195	245.516807171604	294.506329369218	218.291510208274	297.470573423068	183.498953195502	245.215274334624	176.862101003079	2736.46013296244	519.591375723857
ENSG00000113083.14	7263.90933758425	12032.789194116	10057.9522279077	12310.571995807	13997.3592792751	12747.2508904244	11762.0778916574	14223.1767466346	12106.8537526373	13608.4577302786	12244.2652105688	12905.1776861684	11908.9199273618	12441.8898959233	11809.1912797385	12703.6710564522	10775.5875589828	9648.15478301902	12631.4977698138	11831.6786606531	11155.0841252618	15252.1931219476	11352.3056775692	13320.3828771133
ENSG00000113361.13	1279.87475887837	177.54607299916	1303.24750454964	72.7327160942581	241.354083037652	57.6488520668236	590.82217030155	94.3426853536948	176.777168960995	78.4280148957265	811.792821580666	127.961530752934	584.521306717874	528.154860241333	586.145116560879	288.349949819752	895.418662891145	96.1096186026127	500.41287536763	426.21238411227	486.905342275108	244.007971835904	1968.28541753822	289.639766355846
ENSG00000113657.13	2706.6972303397	1051.7457342756	1193.17552265597	738.742465211167	2573.80502772277	2262.53204111588	2682.38054975162	1882.19511258151	1832.59363074385	1758.67851812244	2642.96171636119	2937.54952301684	3029.64370471317	3593.27412631882	2039.66106563367	2443.06751067303	2490.58928394743	1548.29295976493	1988.96793470155	2283.47290769134	2696.25817763174	2581.93660883552	1336.52430312541	1055.61539754059
ENSG00000115380.20	2609.76031201845	6796.95103881019	4065.74519996408	7739.56944222848	2853.05108614985	8726.78636029664	4873.85556237313	9144.27796852233	6953.83239415737	4272.58443188293	8476.04170778589	11665.7733412601	4195.91949394369	5211.94753043592	2195.50354324738	2383.09816589223	3990.72859793852	7667.11513860917	2533.48445755531	3550.88672672878	2497.43684468686	8605.43079632642	3223.14915439719	7875.12656810587
ENSG00000117122.13	3861.8150318282	2720.29578144912	2981.21440971655	2199.64983202016	3067.02538365283	2479.95526155169	2202.35548051129	2046.73551489998	3467.39154579909	3345.34457273666	4161.79250554872	3484.32501841446	4387.70789514656	4170.3698239324	2848.73309638659	2413.55110779097	2855.25118786618	2886.52842312287	959.253722139605	1385.49945663513	4793.76675369843	5180.07121474767	3716.25264236347	2865.45681465028
ENSG00000118729.11	105.738388560742	79.5768831681733	120.058432085182	79.5768831681733	90.0752896568859	79.5768831681733	101.007471697228	79.5768831681733	94.71739960552	79.5768831681733	99.0357729671058	79.5768831681733	79.5768831681733	79.5768831681733	79.5768831681733	79.5768831681733	89.659637328005	79.5768831681733	89.9956641735064	79.5768831681733	89.928136334126	90.5751207765042	127.913443279931	94.1438231449679
ENSG00000119630.14	784.935006689319	2454.38152250909	354.640071293375	1643.09822724464	455.8100692728	1167.6986097257	333.157668192293	1827.73177921483	722.323424565586	1439.94005006998	740.016047266981	1878.24630892387	474.542152513736	445.768282504572	618.192614543838	419.071647781525	575.089541914015	1676.81364916735	445.701793493986	526.760044050656	261.164917349341	599.741579529987	297.870074071224	1243.86836888511
ENSG00000120594.17	878.787297272022	265.089186730184	312.06192264913	170.722508724657	826.456510371738	402.303023232563	665.762450496423	210.066410409207	362.004588298783	240.288826765445	1050.66138206962	709.81378251674	1128.06216413237	1349.7919841735	1078.10504138128	659.860060448727	679.265608078705	269.539566117901	647.238756464383	794.658323719581	791.632547527952	795.05670088651	313.187072457997	222.669302129768
ENSG00000122367.19	108.556350242953	100.745527743592	100.008593191618	89.1857017202269	106.793986500422	104.969830871178	102.000233298558	100.394234519741	104.341969139463	93.8999541568676	94.2310888095451	112.651917969644	101.907404120832	102.468837454076	96.709423538822	101.094120144571	96.0151910160504	99.9365164353107	106.541628033008	111.369718915713	101.75730473643	105.99013185822	288.414744881035	109.39429722208
ENSG00000122870.11	2392.45720738981	3464.34077238402	1872.81821577536	2575.03002878514	2721.28875718409	3481.47867504034	1934.93482287935	2151.91302030009	2801.82942675309	2482.24303269678	2722.46673069859	3066.33775763493	1968.46202183269	2351.84244523215	2220.57145430773	2493.79112368198	1885.56576709873	3060.25147858615	2119.74132369832	2442.53081369774	1965.94297509107	2787.48642242018	1312.48729822769	2312.41243815236
ENSG00000123500.10	299.621247745742	131.407261785072	232.023079589439	227.803376891483	319.413416369442	123.128191846933	154.408736113858	183.596860452544	291.230142360686	263.57916876978	516.168148918344	310.469243483267	411.915111429938	149.966460583522	239.332157244213	153.303295422215	272.68585182603	188.586394857965	184.382757957812	113.288841356879	899.577709281283	392.549843938366	75.1235730408195	148.773600881126
ENSG00000124212.6	4573.01757363541	3837.24862197485	752.923669691393	1771.93782577235	3527.77083449598	6393.82145608214	2293.00110273725	2768.62355884088	3188.43332972675	2589.0559521646	3539.79557445569	4153.28951868589	1431.67904463615	3346.08686716641	1663.1023401742	1870.5450957999	1734.51167312085	2897.94253196508	2297.38309796902	2896.56131353852	1107.34146729968	3795.36429656108	2199.41547406529	825.957137981149
ENSG00000125730.16	960.725468900327	1500.27019472657	448.848800074806	1704.13909284386	1098.67575730731	7168.16358293049	1866.25884116733	1154.68754059363	970.044945320013	806.491255160813	878.995295707072	2533.02954882265	1686.30903909357	5460.41987948254	368.660743040575	358.467028836429	596.021913005591	1649.53198185361	981.51647709355	2381.38106100871	1196.41332322272	2313.64964939584	367.161024271738	499.551334290302
ENSG00000125895.5	62.4425141030652	41.9442970769246	49.2898253175919	41.9442970769246	49.9212833466099	56.8926187712911	41.9442970769246	47.0929102145283	49.8710043083771	47.4593040274257	47.5595576484244	52.3400617774974	41.9442970769246	51.2060904682161	53.5486659153717	59.7938474058768	47.2239888316096	53.8032990756017	53.5455501132898	51.9956234422481	41.9442970769246	50.3102952129312	50.9432228569484	51.4624659099988
ENSG00000127083.7	84.205348615163	97.1067311650978	65.3965184241463	81.6665284371476	91.8573307947677	114.987134483832	72.5624552969141	132.572263887324	103.597854388861	137.384655088094	73.9624447743307	119.479049100009	81.5993296661784	76.717829939396	73.7212694097941	65.3965184241463	77.0673967249574	102.849562608128	65.3965184241463	77.6645027501616	65.3965184241463	116.920778868711	65.3965184241463	98.9628536926754
ENSG00000127951.7	2510.8156832317	1916.46793492735	346.728798978639	311.600525987914	745.153972259448	1923.8019357029	520.366664741433	692.816701689108	766.218765543298	1200.61602774848	1077.77223635206	1832.48852994588	634.001396224382	1024.23424752817	336.251859259766	429.662586133902	554.358999988358	669.739831268351	784.227087416856	1215.79440813894	434.028618923549	448.758026352616	206.466320829488	203.261358269827
ENSG00000129244.9	82.5049951284607	94.4451995151367	82.2889938071536	84.8209777651275	91.5881598661559	86.8200387023397	91.4485354392865	82.5309732272523	95.8673633632512	83.6836668334968	92.1613547585755	105.773294181147	91.3592900305328	85.127743055617	88.9763047602418	79.7940814408518	90.5361388965554	104.5702616579	86.3663064139899	86.6985340274487	91.2149978395471	95.2898903589441	93.0949296987145	98.5756180263437
ENSG00000131055.4	50.3542178920472	50.3542178920472	63.4656070589197	56.5034996119561	50.3542178920472	50.3542178920472	50.3542178920472	50.3542178920472	60.0253400123384	57.0802856150023	50.3542178920472	50.3542178920472	50.3542178920472	50.3542178920472	50.3542178920472	50.3542178920472	50.3542178920472	50.3542178920472	50.3542178920472	50.3542178920472	50.3542178920472	50.3542178920472	89.2399426884741	56.7703961517609
ENSG00000131386.19	332.864609558557	996.712387427503	337.938723158694	914.32717978207	853.277264250185	1487.45786770929	274.616051724121	500.766811926057	943.167564346605	772.240036759066	1009.46825538854	1160.56083526039	274.817062291948	426.729432314891	427.830017134814	544.311784593617	254.888564774099	1009.32505841561	456.882229688203	401.54967608039	360.581822228723	655.053575525774	145.797131202175	613.185649634769
ENSG00000131459.13	7341.03945910066	5033.41160728673	4739.42396198743	5568.36013490557	6459.81608245626	6165.81960613087	6724.75788179947	5449.01310558601	5126.63171069414	4927.98078292718	5243.52625511483	5186.1139506706	6905.18586775705	7956.91799064547	4928.50818331313	4713.813627145	6285.16635701715	7154.95460932387	5708.58585340137	5847.03501817318	6892.70672615518	6264.22797553118	2237.162998401	6199.14656819205
ENSG00000131471.7	842.632350500732	362.838320901552	799.037013187863	297.423628769243	412.852006166985	554.640904166788	362.598288857315	308.173061939297	583.003100364304	279.968050945792	614.375275217088	331.856563041652	248.072522505919	234.690583326532	233.079494133592	230.488002474653	282.065566742786	312.690376294705	448.459870202297	241.814949417518	239.700371784559	433.394209054506	1359.42196248112	553.048573891037
ENSG00000133392.18	940.634967496564	369.725989118113	586.065213108069	359.932534086469	418.633547167448	410.590366378335	404.140387374355	396.235335793977	819.941133317457	367.461822561922	748.383388000472	387.587441348385	453.74185184842	425.305656880821	329.418226874118	356.098913662809	343.201241081845	421.917195387215	564.821310726981	350.580406989458	400.245328165022	410.094253826466	4892.26355008197	568.567089981589
ENSG00000134853.12	3856.84404914707	3975.579090508	2791.83944498499	3102.56805579409	4757.25465222552	8355.77673211337	3835.67812520571	4314.09005737421	4300.18756352383	3770.81227305884	4155.55139974629	6078.37476345882	2866.95958811674	3739.96326360808	2856.01044294413	2938.00226307497	3505.45105379623	5783.62415258161	3450.87471723207	4371.07114564484	2557.80816058985	4655.90195007005	2248.90169165977	3057.07669652291
ENSG00000135218.19	204.578149479257	252.245009423925	510.641123884949	116.679243547859	80.8959862110427	103.737389474775	151.291365318629	161.42601474585	558.442594621583	176.486171721254	213.260451809808	128.581362802208	60.8573731512725	51.558885938177	29.348394880129	42.1478972881265	51.855441518774	199.700869553642	115.064453070154	50.9967358993286	66.5998390529317	110.398487988831	868.302228831246	568.577981682875
ENSG00000135424.16	348.102581397766	213.759518852996	809.794242494145	229.235967506242	121.378413781016	155.564442926403	184.186917617177	181.943679537621	235.633264959499	156.709235849595	380.092520583767	161.297971341393	159.419182542887	152.858685369003	114.770876268218	138.929485007264	126.011275464285	235.248171068536	208.475968470467	116.322192006769	130.545411937772	123.079101114395	908.226748604111	255.005137887124
ENSG00000135678.12	330.988091638058	375.760578731535	163.765338438491	253.290186195696	139.900703600475	228.393214746805	132.760944509085	140.909538609241	236.203927814206	301.078085698431	176.949307610713	254.791980257335	135.64764481452	189.640392834805	88.9555557029883	174.175772124118	126.601728711347	239.81105309318	143.3967104417	164.470944737836	129.000585594691	162.561808788307	49.1741657044177	126.874171986988
ENSG00000136040.9	299.416724252915	229.2614881608	275.231561260406	249.762749497622	266.787102467928	240.077372726131	302.062534225255	217.853537577455	324.282951801788	227.941071140095	411.884223974725	318.719236967977	278.281615584593	277.573925589362	407.712247680092	370.337279004761	466.83810727526	244.989977800196	306.855623502361	282.629703138397	432.251282179446	437.898936132078	201.067533202985	238.325507742883
ENSG00000137558.9	133.138565972122	80.1923146576573	105.088939353008	80.1923146576573	112.23587358334	105.041447790095	127.863759976291	89.7166817267826	80.1923146576573	80.1923146576573	105.226798745191	80.1923146576573	140.449152851834	175.815718881458	98.4540964884145	113.082053855328	139.56677210237	80.1923146576573	138.635081661346	134.548171420865	113.986791362956	102.864518583998	116.658502637034	94.2890185441249
ENSG00000137672.13	118.736326505082	35.9283617936707	136.964963232994	29.0787533490605	39.9823435842666	31.0949576309356	41.3545381921	26.6136384036765	63.2560367590626	25.3901883066332	84.4817845820977	44.3527380552684	37.8579680528675	38.3097459902552	32.4437182795366	44.8420510567747	32.7067592183834	31.9310378656774	91.7439482184535	54.8237254458364	54.5786491930925	33.6878771566769	325.683627690378	58.7849631167268
ENSG00000138061.12	9314.15073858264	12539.7898359157	2752.7469510671	2342.4279515637	8931.10207191061	19053.4225136199	5121.65978452712	4450.82377118991	7626.09397298616	5097.63095973629	13427.1988833383	15332.7490101185	4403.64320203165	7892.0947543485	3786.02224446448	6582.63418710104	2439.66881890608	8882.647209584	6179.39353584869	10284.5279769273	6399.27226445387	9239.99397295567	5640.76582223485	1792.40642105173
ENSG00000138356.14	1149.56370518823	989.726513820433	1711.80768380925	1094.00412464736	1017.14933076119	1158.89751245297	817.130069331686	775.216261510984	823.78693820054	730.314840275707	1357.91238068473	953.176683391889	1046.32149086936	941.512624804394	988.183105207475	1056.0467843571	1135.93035342002	836.989977972696	1051.03773324428	858.14945908429	1422.68599359771	1191.88252842262	1439.4172132475	610.361209599426
ENSG00000138615.6	94.4426174103146	141.207643135212	99.0131200056179	102.669504077212	129.778218249541	176.032072893589	114.16994371104	106.422979529125	133.944241855367	114.450493231056	111.947706555206	105.345975205227	111.500859309379	117.218822575107	116.927701971259	99.6796619344567	107.03219075643	123.078636866931	107.852144101237	114.625157509383	83.8163283422106	143.933931639057	105.663100646669	141.756463192914
ENSG00000138792.10	721.806260845614	942.781464949602	1566.68368171338	692.181961103311	1215.83800406396	1011.47850956838	605.702143055712	403.817390114426	732.197562095814	595.769450132135	542.763366942289	324.627211704406	689.925754052374	623.429758403726	657.965750577847	634.541595747707	473.276175834976	491.579030034091	662.289167484736	645.688610133191	497.707025841689	510.646825942739	1499.95142630511	758.18286434434
ENSG00000139174.12	1025.19575558442	1040.6240804846	947.675144467504	1020.80646891134	1485.56441976017	1686.81182328442	1257.90039491071	1076.49889405122	1522.95236983795	1124.45720106485	1656.16768545061	1910.77353329791	1221.13049458161	1292.02797448828	1193.57044186713	1478.24957093425	1062.77848931602	1346.27104003052	852.113060194214	1025.10630639432	1093.15368059218	1770.59366532888	666.737903059598	1486.87296301591
ENSG00000139329.5	6015.82249507458	6972.04578229271	5936.36384302819	5579.03663032724	16331.2921221783	17728.8341310149	8969.01638145765	8940.49685731812	10521.2705472178	12022.797747129	12904.26190609	15207.2216834857	12470.7364553481	13136.8655059955	11956.5313631343	8977.33678042225	8071.44685642526	5543.80286908601	5235.15408849934	6158.84483802876	12800.7435816459	13574.7426665329	12721.5558473311	9186.21459999228
ENSG00000140092.14	1810.75579996875	2885.89574507858	1331.70544250368	2392.97887438853	3154.04213072821	3024.90211844058	1879.48619910679	1890.83059777254	3311.60480577058	3062.09351510024	2408.32210661621	2901.99635285745	2092.64268521271	2094.2675035606	2886.07670504091	3061.30305242815	2227.22508726719	2051.47580747398	1899.05065743757	2216.40346973541	2301.52200220474	3410.7941761438	1190.8314387543	1923.26466465411
ENSG00000140285.10	2811.85542083823	4803.27380689361	1369.43476172011	2625.77629734029	2741.48287210338	5007.55534258439	1614.80024674514	1682.69225779268	4194.27241194098	2524.17546849222	3857.7621289639	4638.50341351647	2051.40903459273	2574.57221827215	2030.06994977974	2627.90729140311	1661.66648011387	4247.74937697947	3000.90605584329	3140.51582607656	2205.74086626872	2623.41856476433	657.270226617615	4363.71726384131
ENSG00000141052.17	340.137589150649	133.042180426844	574.897708859917	61.9991299846484	336.462043316602	348.909598174789	130.804783400161	60.6125925991037	174.394681039176	57.8633446476307	338.832777560086	118.010572041656	119.320440237936	144.870414773477	156.586663319947	169.098232628968	89.423519024784	60.530641584694	248.75178612989	100.684674012551	136.386405130046	133.496880852117	1221.35314809267	348.893640037667
ENSG00000142910.16	953.511610329246	559.269599422454	1329.85621404165	320.742096183934	478.292566944559	337.395241159705	452.728413910092	409.551073176674	785.293962308792	440.88747170134	1023.32172207953	544.511988258897	259.670794806633	219.333658772611	157.540629280159	107.899930922955	263.335579964872	341.008931905049	504.215631686372	275.261964791291	235.115501806217	668.948474063771	3175.65555896909	1198.27846229482
ENSG00000143196.5	343.674334109066	586.868733136224	219.601463406243	476.950366384517	644.474836420811	777.535123664672	308.356761926646	438.163951460171	449.186045837504	731.966414219513	481.855522687646	833.916396161	495.378656176964	563.888271923543	443.047526550764	254.29726070135	354.579439355773	437.543613382257	271.673780205	339.556394767858	679.200341891339	1142.9360807532	188.32169496973	359.581462678552
ENSG00000143248.13	98.066332208788	124.637977997242	167.82341898625	93.3557856386521	112.730780582463	122.264082563092	108.326027183679	136.334363300066	120.42390647928	116.706581913872	127.483531997512	125.681441983205	114.167224608781	97.893336367518	109.359055800238	104.392392816811	111.441881838247	135.497680791899	110.280149846808	109.555742856067	127.491850952386	99.5964042713247	321.878530807117	115.472387870998
ENSG00000143341.12	584.924124069313	1156.15214724554	305.765573329215	925.159659412587	1062.43232738495	1281.5122793485	831.422248274002	1128.91344864295	941.863449459775	996.11766116084	959.154212220043	1332.71904691547	749.065713745626	859.192461689119	877.587954473253	625.900805014948	411.96256802693	761.897922365034	355.489933883786	737.056864981112	401.124574193928	1137.54676097724	1006.58323014851	1203.36776236081
ENSG00000143387.13	4135.63566250932	3883.71529380713	3039.8132015942	3470.73210157992	3025.44086066284	2532.3790875487	3015.36105148596	3369.78676815752	3941.89721337429	4375.7290983992	3510.66384009762	3590.27645688016	4697.80802490622	3986.79028927765	4449.88789373203	3379.41930274894	3865.93708157871	3494.69206223815	1731.81934888859	1918.02689388961	4307.80753268142	3397.70177538223	1013.48564728108	2527.12684554065
ENSG00000144810.16	5287.54669717559	2801.18351530991	8305.46047135294	2998.38716845454	6519.76397987744	2376.12157408737	4532.07691259415	3839.57935757029	5502.95180397524	5420.65148949642	7585.20569502142	4267.46748416272	5627.46036629447	4600.4702946946	3779.30135115632	3256.85566476858	3773.79923174196	2901.94470922757	3301.38462678345	3174.53477307779	10238.7277064606	8613.04270866526	13166.1010231801	6737.90776205341
ENSG00000145423.5	3628.15051472858	5379.24198423221	1099.89242822067	3367.03057464535	2659.47934721658	2442.23429317816	1828.71633147675	2515.12820289228	4856.43592576367	2492.95628270033	5757.15619988712	7632.58720763368	6383.79882937913	7197.26777662011	4752.93761122112	3172.7332297418	2280.61304203289	2757.69755021835	3168.35888877493	4632.41239170439	2379.70875229518	4905.18739666592	1257.90919391778	2807.4045193255
ENSG00000145824.12	201.093242097767	422.217245288316	158.401291685453	351.875363879037	203.113001680946	348.786903200614	168.213919284604	279.33978915221	215.995656215624	246.082745417645	234.46293347919	358.618477260376	183.938713837773	185.424948854094	200.055536355442	177.711612838983	214.227513646001	395.48717269939	190.285470878817	196.652590681883	173.723386159742	202.705840637267	154.526486799565	290.261037320135
ENSG00000145936.9	277.654885823047	115.299046058	321.574824650665	98.8670056001652	133.600758463168	111.000048767712	113.62984164706	98.8670056001652	154.961833344428	98.8670056001652	196.783722669201	111.324635626491	127.755140430771	118.961827349777	110.741660984133	98.8670056001652	129.333685935068	110.987082312302	141.215117504318	110.930115552249	133.076268127748	111.395636679116	925.003912588635	165.916218102257
ENSG00000148671.13	1927.84618460111	801.87704124842	726.430479888845	398.609677954049	897.24695744839	779.690861327906	1055.09845944884	599.263968683718	1347.12176312209	993.02699932798	1007.36861891686	1177.84534188173	1486.07283586509	1592.77167969696	1042.99397823661	1123.70616565166	1394.92776339834	995.32758574788	1052.51847790995	1010.00555623121	1157.91892547596	1062.2667800543	1834.9419947695	791.410830285789
ENSG00000149564.12	173.587613672102	88.3168323325644	191.980932938795	77.9756478954209	97.8244006595909	84.152018187677	109.625340701563	75.6328583064422	156.557531471893	79.2380033384846	176.906542723284	97.7587992105528	90.440206246591	91.0093368849018	72.7774464625034	64.9533904566974	78.608550089581	88.1736305509145	135.775291526309	84.0342436535623	119.035187130983	89.0247629494297	1620.83400380072	163.587793118071
ENSG00000151320.11	97.9632668275447	108.274900685559	108.935406787469	90.6757234414985	88.6841626365773	102.835365004125	88.5330785885927	94.1082056612293	91.7677196183194	98.1251923401384	92.6780526629632	77.1477226834081	87.7082274282471	81.7108885646798	78.8455265116639	75.9856830376579	97.7463456052253	89.0676691361747	91.720937458581	102.564889239571	78.7297520336881	86.3009459344833	218.900097649487	98.9206518462375
ENSG00000152377.14	5270.27533443569	3447.16370200635	6003.49530148279	3016.34068906144	7314.0670325138	5249.33296084161	6439.13716886477	4265.02295578572	4694.71739324037	3794.65892903094	7288.55509203535	5802.72446292801	7573.68073872514	8136.60710946874	8037.52229960477	8276.48821598081	4911.21864282162	4213.28431545826	5322.40601003042	5359.45036695663	6861.71860285779	6940.01140789125	9443.80167032589	5248.07669244692
ENSG00000152661.9	2470.79889892278	2326.07252203166	1522.32633665657	1476.98824980626	1923.02292746824	2890.54653135025	2028.43796402168	1960.13041488182	2170.41045208836	1908.99715559066	2305.84902289906	3072.89626104051	1798.45491101255	2405.01098453068	1727.79975399334	1903.25634442063	1322.85566110508	2416.43051227599	1910.27000627367	2609.43502596358	1473.28755480274	2058.31190521935	2023.91340104408	1640.74798422992
ENSG00000153902.14	57.1917732036927	59.7087869012767	75.2552098028427	49.8520645521295	64.0140606801736	67.4549517946264	50.965661362526	59.459809366933	56.8737481866848	58.3290448474907	58.6352234371054	52.8253491746771	60.0359560349789	60.4223522213382	55.4758518175603	55.0603499272283	52.0161981353525	52.5423876347861	55.4724277656173	58.4173787429101	55.3852407414944	60.3876105603946	105.512427720825	63.9798928941919
ENSG00000154175.17	1849.19837070116	2914.72386931836	5387.553935899	3437.28120872503	2982.12674781769	2825.55232119434	2269.29664516144	3381.76314311052	3780.3894627989	4846.62488387394	3127.03781534391	2061.46437198167	3303.44263395727	2853.95628772364	2031.53935398429	1062.02461671213	2561.5479536542	2992.14263724937	1576.66510622598	1420.35603475231	2186.73655366081	3684.11617761234	3916.05837980963	3340.56771048029
ENSG00000154258.17	278.833665509525	538.700117832596	242.584912741937	309.710211209083	499.112755731038	1024.54503780335	322.944995499155	305.249753562118	418.314850883506	290.674526449618	559.656386184037	434.61933956169	210.627833177322	358.172922443281	162.96444414503	182.958767092805	164.613235254041	406.945162073982	206.58616738233	298.75024778393	181.803334367603	454.254309912748	246.895605815516	274.23805456738
ENSG00000154262.13	264.411043918701	511.449289998475	169.921672329639	253.175712855322	374.55435742714	647.605122719358	176.635474197798	215.081675241117	325.187805394872	257.528753790274	367.14320400051	345.297703823211	209.976619208109	317.964266741373	154.149818106001	231.973795298051	166.006507665806	354.03360704041	174.967412623977	262.143805119324	147.18113842665	307.46290308367	169.400241855102	173.774054145554
ENSG00000154556.18	461.653443809413	361.965975395946	987.152385683834	601.003485999415	567.12246934656	632.511034096619	372.059414306945	554.650151456277	571.636673868836	562.873559463871	734.289199570986	610.793361615992	325.778880525058	281.179930663498	385.466300790066	232.596726510962	335.970084100058	572.313944198262	264.564769632727	252.050951554941	286.117612765146	541.141030525595	2455.20474159228	621.739888909187
ENSG00000156265.15	539.007554813676	320.703015142538	1570.46292320681	391.493400910917	847.963419095407	308.024005039025	679.706329395285	387.482361118093	508.865081182533	381.326479661519	729.411151211466	331.904862963154	922.215334851463	743.833971453098	792.436834070202	676.492042800315	664.794572049763	348.48832931498	639.392915796966	530.847788835047	941.131042651514	562.501331768808	2515.04671667333	476.477336398192
ENSG00000156453.13	145.674311776355	98.7570112693143	297.293204005281	97.3607772919295	111.990817716229	94.6346720228535	141.700605173751	87.6985890550433	140.429638457815	86.369682020556	110.851497593716	81.5026263786245	186.535533742868	152.613669597881	168.768961111186	119.22866788951	131.668506048368	78.7878330167642	124.540411146862	113.652787778404	159.352791243618	141.66489988237	1062.19512596626	243.207085504764
ENSG00000157766.16	1418.53974582373	1455.12815192084	4311.20108901041	240.480241647723	498.242710919968	749.305029635339	511.413644244658	544.217334477602	1217.71594694552	291.945344142156	1158.29636977054	533.161349988925	404.166750763405	190.822765997058	453.726895688167	285.068335797388	219.014292505456	423.542143075732	395.973525767639	186.888149100114	480.573938900335	163.208412457364	13163.6335293385	3060.00336370477
ENSG00000158270.12	947.457394738204	779.269878132824	156.66635657729	463.308952299756	540.872047685896	1128.02152193659	484.132954213584	541.093012440704	750.791932147574	670.466399761572	624.741800353669	961.421405144719	459.979763457552	575.490397342073	328.01328327135	383.992268482158	383.809312117318	885.993734571794	471.717407182855	591.099189178604	406.662699613084	516.802324050098	62.6889799961341	550.013287903679
ENSG00000159251.7	239.069052776779	395.917434237058	92.1390203683895	131.270799593251	145.032834732302	244.751608339015	103.54799014793	135.996621111578	194.815619347501	259.530447764742	235.972182120267	229.491159276249	133.968264000501	119.468304408644	267.949363867138	143.504465187155	123.67840100712	98.3982964701303	176.837411569776	163.014460459756	144.776221889469	170.995736455668	138.185988538798	192.127663131294
ENSG00000162493.16	531.247721991464	396.837862325227	256.099592920484	487.713363996831	308.965081382831	550.818845704819	726.533622067478	622.986858313079	316.601983703618	394.182505780011	492.580614817533	629.283207738112	727.469729312349	1114.46752647877	288.191345985766	336.475371990508	644.767646832682	329.717997728539	373.280673732151	425.539441977119	536.132232931846	453.947046185402	129.560951661847	280.027999280787
ENSG00000163017.13	1013.83643234121	296.732110395143	1914.34519993763	278.873455801124	404.390471406992	298.299871595128	416.137566167695	263.342657182482	665.352672532829	291.809643193488	897.401179862573	331.571494242662	422.882993249225	641.876374679128	296.147522822291	258.181534933629	454.879754221778	281.142172654055	633.183920406076	302.949805064184	421.432223183532	290.031565989799	3007.53639403295	532.826963172622
ENSG00000163531.15	1240.80500925031	1148.04369848309	991.158837563938	1171.31656544409	898.197572128884	1255.11475651155	928.802608542003	874.548067073124	1022.63354355537	1141.62275508188	839.708713085169	916.744096882985	901.904846814248	1078.43778288598	997.011053745958	1281.84407650847	855.501499773928	929.815341829543	1227.08614878994	1023.97277851149	697.173894983024	814.945219811777	694.456947839643	1256.15858192705
ENSG00000164128.7	128.343704429532	85.0259747202635	111.114906067909	85.0259747202635	104.315813880285	85.0259747202635	94.1398554364737	85.0259747202635	100.386270795579	100.53427525607	130.814268170061	101.140276734692	94.7711934614105	99.416138186173	100.367808571086	106.749869552907	85.0259747202635	85.0259747202635	100.363829234983	104.485803616084	85.0259747202635	85.0259747202635	126.866454601666	95.2328660417391
ENSG00000164530.15	846.641701149949	2117.51202482204	640.795719891203	1339.89930919632	3735.93911999999	5428.96035539626	1645.39891227803	7372.39463211512	2557.65023513832	3065.02837155512	2527.36263783427	4338.01040423569	1635.42872926099	1999.8107179457	1588.71141946295	1006.28188662804	2300.56310938453	1950.87505648535	1604.54602208432	2347.09989578541	474.042231497314	4049.93483503684	2060.54649830274	1093.97710915991
ENSG00000164647.9	1003.41989673874	1502.45992601485	1242.18214434357	2214.3700609246	1206.19880856978	1074.16866700331	1243.17019075478	1287.91723107584	1148.79695813616	1317.74384608907	1019.19281248407	1151.04539285241	1187.56555946384	1140.39067963616	995.536314392079	928.528696302802	1431.75754010982	1567.09949842927	1143.37136531714	899.144006147177	1803.97793765272	1309.48789291613	429.847402776381	1426.01757580604
ENSG00000164694.17	493.286013819076	511.522997756559	170.098018501181	354.291291442458	548.49279982965	890.547192023962	386.714763043824	292.942782437944	468.746222958015	442.191615017128	1002.73848276042	1438.96304243392	581.364294367379	816.895577460744	347.984356013445	233.345639210076	175.119390498416	212.222379437193	436.154846062797	737.292775925836	756.42329611991	947.128912342136	231.16077047102	269.435323387498
ENSG00000164932.13	3848.51166156697	4133.54814474328	2647.83377428576	3073.35696415782	5473.0295072049	4354.47636241	4714.59960518467	4277.95310717375	4241.15662857338	4673.14882268098	3919.10262745454	4436.77452611216	4838.67178264075	4759.71077307648	4304.37378138363	3901.89219697009	3531.12267927389	4199.76023671302	4049.86691653968	4519.32027959606	4034.60358067366	5098.53300852259	1684.06779080318	5191.73982582678
ENSG00000165092.13	83.4727739413245	79.7466979579282	57.9290627768617	51.9692916856949	61.3291963711511	67.729556064442	66.5179741724074	72.2106921005984	78.8172684158523	79.103424585512	87.9955953272152	95.448796726864	60.5066127292929	62.8295927804229	58.3807942421268	72.8133496738504	63.1695111161632	61.4559236480926	63.5561345093945	69.3402570889066	51.9692916856949	58.7344273542431	97.2604814067834	68.3920796336477
ENSG00000165124.18	308.599135063914	809.791298386659	400.95357786923	589.761754347205	769.797868869687	1592.34147657212	628.031513056118	827.504905302395	802.883435361293	770.143144552345	597.497256760044	773.943692575614	520.294123574319	670.343275056742	356.265857127173	670.043104140948	392.577177812068	455.874831710045	442.54724119848	549.893083448756	481.87935661179	993.559385378597	291.497124284639	799.250888739533
ENSG00000165474.8	98.9382327602035	66.767402239498	91.3301916684093	72.2802503847821	111.654954302818	72.8868351211999	320.617926026094	205.631749710656	91.7494649593435	82.1261894135822	116.705138514677	99.2014816204741	171.154917427136	185.276707168914	93.7207862338787	103.105161074799	108.029162372668	72.8646740476301	135.691993599032	113.132329331507	281.37051055178	147.980458853834	192.244366788159	251.451363563137
ENSG00000165959.12	134.359443857853	135.483356739739	149.616369906491	122.049098847878	105.609367698408	114.147591921126	135.02796662403	121.766617613605	118.566804905851	136.793421310158	112.535493028059	107.098117128855	172.163395354071	144.461523030033	120.216360044047	163.613575693258	133.55073172031	146.472545241071	138.908441140112	130.99778757435	114.660982423045	121.404477770226	104.145012995484	127.52496062593
ENSG00000166148.3	39.4085950278397	26.8701279813539	36.3607363404622	26.8701279813539	26.8701279813539	26.8701279813539	34.0930597614863	26.8701279813539	38.7894627020811	30.4202747722217	39.9508939553314	30.5561984795331	31.5525262043596	32.8332642615121	26.8701279813539	26.8701279813539	26.8701279813539	26.8701279813539	30.3820108970877	26.8701279813539	26.8701279813539	30.5773093035612	33.6620187526268	35.0205620422362
ENSG00000166250.12	12756.3510382046	12022.1761033189	10946.0234069744	12439.7316460506	10962.2698208842	10489.1709430235	13167.1462597632	11896.648384988	12181.7014719829	11852.5715343046	10173.3879721497	11110.0206553325	12184.7522280052	12869.5631864993	11860.6742085456	12605.7693289577	10994.3039218071	11417.1846757248	12835.343406118	13022.5981315997	12349.3114937554	11458.6496694437	3767.50549586887	11012.9256379997
ENSG00000166923.12	17015.8403293621	8792.20013755201	17899.9682595405	10302.999890347	16314.560500417	11463.9871679135	12556.9631935454	6389.09869110356	18245.7403305383	13870.9370312644	18954.2425291293	13176.126647102	20161.8599372465	18091.4811940267	18675.5914918019	22346.7019419562	15528.1087544791	10449.5378711003	17784.8264362197	14925.24477484	20922.779956674	14903.2552384528	11466.3084206749	17705.9476533108
ENSG00000168079.17	103.383445297717	231.028893254655	106.084899803339	239.46754263682	120.683848622615	334.119998762588	111.31928589261	127.828608672793	367.226331037988	365.217171991888	136.003061822454	342.205056371887	119.396887782592	157.743910144115	96.2149755361813	134.440864559592	109.73135280544	726.167448166476	107.682826317016	123.233027686572	104.365079063296	180.790557428102	85.9348435796651	103.806735839677
ENSG00000169116.11	835.05565032145	531.587436442393	519.030026397059	553.183052402382	363.530206906336	638.450600139079	387.892692284843	370.663691596442	332.452807906649	337.082975164627	475.229154198038	518.773657149627	490.324557974198	829.229965492854	394.090544121807	384.661997267314	519.124866850016	654.624188031937	804.913674695726	729.35859276992	383.001804157646	365.773025592988	598.092456696919	414.633283040959
ENSG00000169507.9	48.9212148814837	66.1126372553057	61.1539278109888	57.4244497792632	43.629433860754	51.9596685625165	52.3356968844651	53.2060976736414	49.2536138616435	53.9154389696972	49.4098420941806	52.1888348311012	48.8001090786115	43.629433860754	43.629433860754	43.629433860754	51.5069405936206	51.9505203433021	43.629433860754	43.629433860754	43.629433860754	43.629433860754	60.8242315773744	51.4786429790822
ENSG00000170412.17	302.344568258161	434.159733825332	140.857871012416	236.281994930009	135.513579213902	290.476004607882	149.151972426681	180.568728856475	254.531706534332	151.936929430297	358.015431202054	369.089226349461	139.02937543988	224.721325790346	155.184697213245	314.510302041844	116.611136382731	309.377372192689	355.366583424348	441.452184438097	101.641102789878	151.73051547672	132.37262934449	238.252136105845
ENSG00000170624.13	251.040576917875	297.418455112156	213.07556334756	245.552309778986	429.798934148884	214.444904058647	306.327254205036	240.425024688865	310.999907921826	405.947578565289	292.481346289425	311.724644037835	421.463121285475	305.98776062852	351.119183765623	205.80135182565	339.120777177893	231.975797890368	186.178907152455	271.744088889055	560.006043362772	506.747673700808	100.763186090131	181.310315645061
ENSG00000170801.10	365.529920131423	1394.16398877176	504.658622928266	907.880926828499	608.926297977009	1401.86437783461	429.553788472127	1128.66774388163	996.262666050989	1000.71535386208	603.080909950017	1053.466826301	490.704724616615	576.346323466179	426.527444294653	486.301198297988	330.071167371225	1042.24030639428	334.511414149449	356.724107748788	398.243931069551	654.930825365394	577.686594120379	789.545683954756
ENSG00000170961.7	3670.54324311739	3390.57938038662	4424.78561867517	4842.86024834196	3736.58805833448	2347.90282610489	6515.72525847948	5346.84092411896	4473.22781988645	4775.70491353573	3153.86357963268	3346.48068574387	5777.85432810239	5379.72464924315	4754.08180081999	3917.44626324023	6957.94218319657	4557.7135093966	4499.97913775401	3809.27443765104	6623.28372233557	4230.85679901693	1842.11741131944	4209.69765654394
ENSG00000170962.13	245.659453399294	658.794991021027	347.889891898995	610.169720534817	381.93739874154	729.93798886211	324.610077372088	344.135541516128	529.110795082004	583.320064121642	463.154467060698	736.818190032814	315.830197421286	330.24631663984	479.988935524633	496.022428395552	364.94800491793	659.143088426012	332.787181588514	389.133330168177	313.9359949958	467.625453305027	172.009457328655	450.273935977766
ENSG00000171840.12	186.807324716603	241.290993624986	129.917178621076	177.41687620266	185.318862790261	200.309324787084	179.731247545284	211.277781776223	247.384128876334	232.347875609831	206.561336226589	290.232276351494	161.893234600527	179.515350396389	164.402385885552	129.389868416542	142.994214989122	253.072104253595	167.114581629776	167.551004965858	159.536379040209	209.608802831121	141.257355513421	200.583581029106
ENSG00000172061.8	1056.61503559983	1806.66543441423	375.6097463899	1222.02987349388	1456.15181044154	692.615193129885	889.129431543231	1578.06625374575	927.099077718048	1252.0604737702	1453.30316990905	1615.41153595753	2379.72507029123	2147.75335938627	1018.5451303726	707.010891442266	1384.37776633846	1551.57472559427	490.365158311298	613.967035347097	824.417546862666	1186.97535742626	842.165841246052	3286.46956148667
ENSG00000172159.16	209.275488590459	275.673056393677	313.09657194221	270.566224768615	154.598977847439	201.582594743772	216.303546493933	348.85148534769	438.49819547892	377.053132037292	205.271940773439	270.894674966473	145.696073127196	129.330634806044	142.778211811468	132.329702939915	189.773987460802	373.942827236698	208.677390633274	189.223432013716	136.847463966436	180.084364444359	328.047394125142	232.995582655845
ENSG00000172260.15	834.051500919996	780.910713080321	986.274088792589	755.245502281298	901.093811020662	820.555943001412	870.531543878932	793.963454561203	1074.08052205208	793.270545960216	1160.65408978645	1049.42159383279	917.997276590603	977.584776402537	821.08770260001	933.885839979599	754.142499116037	1132.75738003985	806.254190332838	759.637486593166	930.968384268853	994.069918179155	775.777531759041	1010.10711885426
ENSG00000172986.12	470.08002951911	554.630435081939	399.452806362556	534.805010548926	671.464399788582	699.087699679021	517.705514725605	652.556187177814	447.017294092562	570.214510568054	603.660808544483	663.654278135201	479.162269962113	509.063938137716	406.917872521981	378.956114228105	421.35700712732	555.528502100228	433.523991865332	538.144005713324	365.366519342078	619.926805370062	383.550531980979	667.508273177331
ENSG00000173068.18	954.002487003847	1285.10545010111	933.039175727165	1297.36741219655	1157.63316990266	1377.62880492328	1026.25118699612	1163.71153191546	1060.45742146097	1150.58664308016	1098.85777928534	1103.43972264748	1004.77787376154	1153.03649294214	851.826226664517	909.351958453135	1072.09737857664	1290.03982605623	897.103226735178	1029.69633553632	905.22406514868	1251.86451601826	453.573516520372	1097.155921631
ENSG00000173546.7	989.13660573474	620.820997820312	1675.37999686993	927.851756602033	628.103760216364	331.313520491383	1335.18307343889	986.29794081981	1046.07108294548	1115.13090847621	710.349022017109	537.240077626882	1382.43074040145	1044.38747790765	1637.90115342904	1419.58303726682	1375.07561106462	588.803559566183	1211.7969287085	775.703727833915	1291.36355962966	462.205723281778	3532.45465897441	1610.51345610579
ENSG00000174348.13	438.439465507294	663.584434857051	570.019592242429	456.189242883444	1115.18715478169	1167.25543040344	637.749108551407	652.74839804832	1159.70345704921	1024.25356741596	1733.67198433157	1344.0670940318	661.334910158889	622.345483605887	1196.34594366121	1402.55058950237	664.461211574993	480.740180286	527.144372636218	466.151550044171	699.229145552025	1215.10469258969	2654.00106946179	828.036784747644
ENSG00000174944.9	52.2071319978971	48.2413356012751	53.6162989129448	48.0692787760184	52.860218785909	53.0051058577691	43.1356664625284	43.1356664625284	48.4799926239567	43.1356664625284	59.1591836441913	43.1356664625284	48.0499196656959	43.1356664625284	43.1356664625284	43.1356664625284	43.1356664625284	43.1356664625284	43.1356664625284	43.1356664625284	43.1356664625284	43.1356664625284	101.057389883002	64.5688341200349
ENSG00000177098.8	29.2945571540463	19.8453126019535	23.4018850482085	22.2854686686479	22.5058400737287	19.8453126019535	22.1178866357292	22.336898311394	19.8453126019535	19.8453126019535	19.8453126019535	19.8453126019535	22.2758577032637	25.1079975008655	22.4863151696619	22.404583513291	23.5515446612599	19.8453126019535	19.8453126019535	22.5284695456673	23.6526969048186	19.8453126019535	24.2040704586397	22.3914188827938
ENSG00000177464.5	153.014229779696	228.949382700653	80.8579879755847	217.464072757048	126.414933874639	134.565612859443	136.149588614957	177.407924167025	103.420689402091	160.516020184552	154.90861238621	140.19422758256	136.647399510199	127.358893493252	102.147624195304	58.949421670386	181.413330519714	156.683841043308	74.0377800239063	120.224617803985	78.1280049155958	101.386159070524	55.9340539614988	105.933308997746
ENSG00000177990.11	41.1092158111276	27.267122031518	39.549847949873	28.4132015793825	22.9412365332473	24.91987698909	35.5412724980383	31.6273218207287	29.89514802344	29.0211158847462	31.9968023237848	19.9926075149609	28.0592185091189	24.5806116188419	35.0646681721544	32.691357337826	27.7479497227471	24.4661297969675	30.5244338413753	25.2955740739171	34.3414935651105	23.778235574645	38.3761332627885	37.4154890037697
ENSG00000178031.17	1523.10879893687	1475.98494494543	1415.40296625416	1425.91254717157	1783.69163927082	1672.94789934981	1493.02007723317	1431.67081329207	1646.30925624528	1650.71429732478	1458.59272939773	1404.11601487193	1664.32742860539	1505.42230847386	1456.45690318766	1238.0660721619	1538.8351342296	1367.45922686626	1480.55209602102	1757.86570347006	1374.79827900595	1734.94456486563	651.090581458024	1744.29918518414
ENSG00000178878.12	335.925593219136	397.338991713267	438.7259581467	338.321596142135	477.708644461325	486.031879579722	345.753209016668	454.204838560049	344.901730709568	348.591785294063	377.420024789841	362.333792509851	253.916507475191	273.793667191664	239.263755745635	232.597721766135	464.289105428885	518.409732909317	279.074589988517	317.581038064312	299.182758966308	453.884475387443	710.070342446301	298.890730423395
ENSG00000179097.5	95.7147710281949	129.294959182584	121.020277094156	81.3653609076933	93.2818664023252	48.030097025413	73.4830961247411	86.2896119888263	103.904629652956	174.645966063327	71.8247362826279	52.3212944694063	57.254175686271	57.8617035129067	65.8459600794677	48.5496202561653	56.0052906264133	69.879935668737	64.7830087651014	82.7996997004937	98.7416275074663	128.774459036446	72.2989927907654	70.6002237021214
ENSG00000180616.9	88.7036184924315	88.9882724260218	79.226850674148	88.3490649827626	87.1890054177884	80.0497039747793	89.2265675946371	91.0953245928101	79.8658046624191	70.9435933559746	97.7350910515184	93.508373007275	79.1472696165986	83.0600126960323	83.8618604057475	70.9435933559746	70.9435933559746	87.413012145929	100.987954165985	112.432656981596	92.2267418903981	80.3473537659164	79.0853268731484	86.4657513400818
ENSG00000180785.10	57.5692439111744	57.5692439111744	57.5692439111744	57.5692439111744	57.5692439111744	57.5692439111744	57.5692439111744	57.5692439111744	65.5791767242723	57.5692439111744	57.5692439111744	57.5692439111744	57.5692439111744	57.5692439111744	57.5692439111744	57.5692439111744	57.5692439111744	57.5692439111744	57.5692439111744	57.5692439111744	57.5692439111744	57.5692439111744	96.374449678187	57.5692439111744
ENSG00000181856.14	95.1689746773221	85.7265804701188	68.582763211582	68.5142755071232	80.4499473874693	107.73092901968	74.110909646799	77.3902001645306	81.7725564125045	75.6262454317322	110.259769961435	116.784811682846	63.3551148546961	70.7208653320518	63.90496851643	80.8970923709505	66.6817412144537	71.9753341124399	94.5265157429267	102.045440547712	56.9732510998025	67.5798468538159	63.3070042132699	69.0317076742035
ENSG00000182253.14	291.606852882022	261.374821223946	340.075264904418	222.650849467734	232.915021743986	221.954099376781	216.927093548621	184.376375639837	249.351528191316	252.557108973046	237.929447751811	231.986840087854	235.269057648985	220.658200546009	226.839462735259	193.155746886848	204.124579058845	228.514052614287	205.938969155143	211.451651561427	201.486488707392	173.073784943244	462.694168242778	265.742950560838
ENSG00000182963.10	792.103576757094	751.631604229368	1327.68876636988	1147.95986235309	735.093878006959	591.545648251966	887.941852514809	912.204533430647	859.58335292763	867.695360189282	667.132254456249	650.72825367377	854.809638338273	729.625819647121	1097.41813672578	964.698644181194	970.563967208425	656.946468197796	788.504632422445	769.68874679807	990.105296139412	781.872479673208	986.562682848883	910.811524893455
ENSG00000183023.18	253.120628330246	264.617015920203	348.427954212255	300.870896486043	392.713127744765	312.675354933466	306.249696955773	262.786650722308	342.267753825682	289.096959952512	325.875907093358	283.674693206415	306.505442695026	278.862087535237	302.758345271133	309.0745720117	268.38743297793	211.775423385039	260.509182257003	224.302762994836	369.320659731339	355.551286859328	288.008823069472	405.172972024099
ENSG00000184060.11	88.6938668044253	74.5791683379139	114.910841573318	70.9085276665611	88.8231285754647	80.8371986008583	77.9873478068899	85.3405955263528	92.1538947138795	90.7175414189508	101.164116527285	75.6747567089711	82.9860296157648	77.0475410545589	80.4483187664616	79.8997041632709	74.710499434866	80.8176637052504	77.9520653446422	83.0300097284739	84.6405400375333	83.8359368663307	243.629202055692	85.8561787118295
ENSG00000184254.17	1701.05522744644	1534.42090048194	627.304684346579	811.164118586626	2682.71713148767	4923.7740160619	1974.55986428718	1493.24498250907	884.553130120878	1288.9485891637	907.223238704703	1442.95357552324	983.143797339837	1617.03695014966	907.551763332924	924.111939429182	1524.40221067288	1679.75299575144	2799.26527379878	2635.73360833481	972.050450955363	1216.55821670157	3292.96480871476	721.980407110088
ENSG00000184489.11	228.935041829977	223.118176596776	151.582805931544	148.887479768774	209.011456283073	228.336339307493	197.484773941449	142.300466948748	161.143694917595	197.48206258666	211.928298152272	193.315667887563	187.016473144748	208.610174454637	226.685978780815	209.366686668137	210.939637514797	214.747755003035	183.806574081646	229.256963269029	205.208673328904	191.705999415164	214.599596753027	160.900191520798
ENSG00000185567.7	1978.37344412525	1059.61889797261	1336.32360201815	698.494132928498	1011.62233686745	771.100507835255	2131.81377714374	1136.0498909625	1533.33509851387	1647.03406386148	1159.84420168037	812.483833809494	2353.69120612931	2334.63875433708	1585.45028183693	1705.22024554889	1640.83946976504	821.475881173651	1517.50396776325	1684.09344877868	2278.19941055798	1388.99785972165	1073.17252834054	1032.97249842696
ENSG00000185633.10	627.192037909553	1173.26575157755	1765.68514029341	599.688984256795	331.862457574397	598.841581343575	358.735942077688	716.390413674064	741.159415702129	485.671269698467	942.330622329556	653.372287292699	191.670780542856	267.84720132905	590.839770717799	285.967795779104	224.892332037101	504.554977517367	443.600529329502	285.487292108894	247.460087190335	332.390039873252	2516.67904323694	1058.53470501862
ENSG00000186340.15	9969.75560659737	15817.7789996686	7611.48387700919	5948.064940236	10815.0052475773	13744.7279130816	8255.22569463946	5004.43568395192	11461.7277363277	6424.60967801298	14138.2410510644	10743.9439129556	8826.13010158668	11860.0771137215	11284.0677624905	14057.5556375756	6592.83808285975	11816.8635463987	12654.6518439174	15930.6566201522	7187.29413316881	10192.0979469759	6875.93812205793	10303.9970834487
ENSG00000186847.6	284.303744986837	316.45909772029	380.542768737856	261.20375867577	354.800206843535	184.611999658934	375.629728227556	355.854651163085	927.278741134812	1233.68657634525	530.816194548187	382.976709842229	1048.90408667775	971.42063628315	462.696684583237	480.659015390835	524.704017183106	273.906839967716	265.95336181468	323.135259772884	513.145966293144	1296.47038992806	1190.40985909777	283.189810022806
ENSG00000187068.3	54.9824434207374	57.3098897186384	88.1612467948081	46.5052854232337	33.4571585987376	40.5436146230223	34.0595948009396	45.5403609344706	44.6207372604831	40.5486717415982	48.6795782718946	35.1437764629358	25.3366425348493	20.3287319749946	38.2861907209882	24.2954200367036	35.7929349199703	60.6911518547975	45.2731492525061	24.8651695633116	38.6463546412817	35.0726780351142	186.190492737871	85.285585783271
ENSG00000187513.9	91.6403226560688	87.5426089990899	102.749301397267	77.940355258892	77.940355258892	88.1999287141986	77.940355258892	91.6628696753333	77.940355258892	77.940355258892	77.940355258892	77.940355258892	77.940355258892	77.940355258892	77.940355258892	77.940355258892	77.940355258892	88.1889218937084	77.940355258892	88.1405656246954	77.940355258892	77.940355258892	227.489133536149	95.4457564187256
ENSG00000188257.11	118.09076687241	302.403189022641	127.393694724985	282.777974855195	202.785627630377	631.32390918301	163.913720281011	336.29910345489	229.46028840285	154.625073837229	152.903557076453	250.586112710744	127.182487153814	127.624475315623	118.825355096808	118.434098901593	118.414121498591	184.878017529493	136.582360320466	124.819134465998	118.740151895484	290.505469402231	106.111662367494	147.079823461636
ENSG00000189058.9	510.550165145657	1165.11300234037	672.357918130204	1050.08930345865	702.144187217063	1649.33720575674	607.48973329293	695.769342565844	1526.92705081017	1003.62637604311	763.644536622651	1056.7533478457	709.088602694834	756.384153099195	798.691448494319	771.295384925094	667.621341051339	1154.2691297395	705.766547277491	670.903990054214	670.028873023599	1142.35565063859	611.138276905967	1061.19656862443
ENSG00000196569.12	554.874420758417	1104.55702847329	614.882292176257	895.249496676932	1570.74186787027	1882.14070679574	858.628696420647	922.030525339841	1183.56539610217	1185.73250112068	1081.56700024602	1244.58834984591	922.422493091375	966.495942946792	1280.60311522801	888.833334372118	766.416871119276	822.638689209999	703.319306183814	694.922142185667	518.893199227176	1463.71253697395	665.086646011608	1426.51719481737
ENSG00000196616.14	155.654345014895	159.419476897715	144.82075862655	140.603332909932	142.812702426386	198.331245732423	152.077268108509	149.010914490847	238.556334110381	162.048229830343	213.017789127772	179.547423299756	135.860559556945	145.127273784065	137.526774156374	116.939607668563	116.939607668563	131.446843699308	131.149298989366	116.939607668563	116.939607668563	131.936190131487	384.248315584596	149.752818814291
ENSG00000197461.13	851.005878548686	421.493493405529	1869.27594944118	334.157129535371	835.683213197868	718.608939051578	779.757764345178	394.820861359723	623.895066210106	407.904933809762	875.018898492905	508.940158776436	820.977143767861	800.175847146848	733.815727124701	635.511570447502	665.610453985103	508.843598553001	758.675592178157	528.239371537751	977.603064795464	570.602112315319	3125.10932129811	735.908094133101
ENSG00000197614.11	1338.48215055158	2914.88453076998	1595.5617259324	2949.16976174318	3243.85540725621	3860.94074061618	2259.59209862862	3401.16070711456	3854.9793050373	4024.76964086142	2799.72416053645	4072.16184300693	2443.46798921775	2699.36545214516	2347.30573448832	2215.97444779006	2023.24465887251	2786.55417883528	1825.28501987074	2498.61432072231	2410.20059862387	4298.35449198788	2594.23869609185	2509.94972935406
ENSG00000197635.10	233.460206818952	276.879525880711	122.486449777867	212.666348571423	278.058910842699	495.137927281415	484.575131212918	263.236129442013	138.253064401759	203.828166184409	179.303467666596	295.273455418453	279.660666656872	442.275322775013	141.570574039422	231.122643134883	152.210597933012	241.783238165077	247.536446356682	293.461422286963	300.171958699274	274.291386444359	47.9627444693082	167.518636717725
ENSG00000198121.13	1417.62702310566	2031.99959668978	1492.62104716124	1163.61635721418	1540.46012982579	2913.86926606619	1119.12715867591	1531.52858706962	1481.62795847577	1597.60989225041	1345.62895768459	1835.39617651826	996.261939610231	1058.66074930934	848.542254697058	1060.27690739763	1036.47911178705	1746.57245580157	1160.81761127781	1171.78911752376	974.427984577365	1337.86465689146	1408.73720580781	1321.74819865152
ENSG00000198435.4	82.9074775054998	73.3753602964266	97.8168142118657	72.9050511950625	78.8080080301168	76.8315960716041	88.7837978408917	70.5649277289304	71.2281336639413	80.9463413737422	81.3587438671379	68.1019585846568	89.7095001711625	82.8313661932216	76.4509319180855	86.9352531694697	83.5896438607136	81.1734780983927	94.1305514857764	88.3930089431992	93.8775623322528	68.1485385576754	101.718913647894	79.9066534067665
ENSG00000198523.6	176.799331440504	118.817274187438	159.066384865957	106.271448495588	171.335745997562	148.475131615648	130.034417487519	118.649042819661	137.822357972363	106.271448495588	170.519549726695	106.271448495588	123.737369240173	124.09901373111	129.982687861624	136.750313950499	106.271448495588	125.679567480188	129.976440877754	119.596671907154	214.368784486412	153.109932993301	192.243740341761	129.102072708159
ENSG00000198542.14	1200.47960055998	525.7252149281	1412.52208256771	314.276207147715	2227.57329941908	887.380843238471	1317.15676268644	712.986617997115	1385.66136218029	1038.3355536965	1832.11754920031	1337.22265449778	2107.8283408274	1838.50920601094	2046.26226530003	1767.43210041536	1231.88709903773	603.044617216172	1205.58103828115	1146.41707610093	1652.7576321444	1559.5605093027	3175.42322530445	1183.28184830915
ENSG00000198771.11	30.0267175131983	35.1484926719291	38.1740093594182	41.5088562217673	27.6696505827609	23.3533615293785	31.2591262649411	28.3872880051883	27.6425041314609	26.3395424941702	28.8616781590375	26.4536554609202	28.259695779564	34.372137118718	27.6373424458681	23.3533615293785	27.4952979119055	32.875774297995	35.1741014962054	27.7071066116267	30.4137740935625	29.0082440925805	55.3852564243049	28.5014194282796
ENSG00000211448.12	445.361658438838	456.041866172096	258.979952588897	188.077973708863	490.640509970841	264.037273774971	405.102838222031	227.413767145047	328.238694251516	174.96213037579	680.466439774514	338.237876078413	297.739719932232	299.542738721881	337.406707082456	562.513605583066	252.584027243302	260.059511848774	774.10274287425	385.758258042301	507.086023039406	313.387899998706	1205.64932353068	235.907002263267
ENSG00000213160.10	190.773165942785	137.90900989785	181.654059853912	130.217307360911	124.949508177281	124.286706456379	157.24143155923	122.340050833331	118.264525714706	137.001643739569	119.797921347744	129.243252461214	140.786750528245	147.280763509567	138.937727825296	158.742880495324	158.561657152088	125.799136700834	148.314173545836	147.179309234746	139.739191992421	142.084534861457	161.983231371199	134.659074293133
ENSG00000214357.8	115.894570665133	94.543114966283	121.540547392923	93.4144922912105	82.722618835157	74.4440993370651	133.647901782823	146.440170543962	139.26050364709	119.102587788445	110.716739070611	106.710993938971	98.2923452272427	85.3456763636327	128.467215331143	120.289565138137	126.276953341644	76.3121140756956	142.926703993976	134.659690510264	82.5139708125807	87.3495524423202	115.7401943396	44.1654787608428
ENSG00000214548.18	10693.8752525086	7949.5704945712	7604.57228346878	6492.0988420562	9059.03472972217	11828.4825692546	7709.95565930059	7702.98281286063	8065.97870949539	7635.39302951513	13473.0648050845	8153.11559594553	9049.02348585404	11332.7549105534	8269.8095969831	7980.35687226522	7252.03736660301	7019.27391247607	8020.47186206922	10882.2603754473	7267.24801095586	8818.7605689741	8253.60111779918	12361.4116771984
ENSG00000226445.2	1589.20939613896	2618.93741065499	1084.87209274097	912.357280175115	1453.87900347849	2067.73380768222	1177.2699331187	756.079763315314	1740.80344098602	1025.69510329871	2252.48696283451	1674.36072179785	1254.76643084539	1804.87271353937	1504.45247704224	1901.11938253929	941.682571169171	1757.33140156893	2115.97042296537	2670.11610299032	910.709085455119	1458.07267270586	989.791475394795	1545.09097656562
ENSG00000249669.10	555.681556362476	528.487344132249	603.114121829483	432.427555478023	524.196869324776	539.735218751655	380.039449469591	382.354825651324	429.136927063689	369.240725374647	815.679950597622	438.016179291463	392.990181737459	374.182736040785	423.266753698176	299.732593375975	362.135883271603	404.478163632629	341.988884466934	434.657111992199	355.973981075248	459.522311143581	801.962984920637	852.89008708488
ENSG00000253123.4	66.6698595224104	59.5187823085397	76.4279752254437	66.5338511280068	59.5187823085397	70.772730092763	68.9635802900876	59.5187823085397	67.1188109075093	59.5187823085397	82.3757722101101	59.5187823085397	59.5187823085397	59.5187823085397	59.5187823085397	59.5187823085397	59.5187823085397	59.5187823085397	59.5187823085397	67.2307355550207	67.0588215720382	59.5187823085397	93.3638381119219	70.1233393344763
ENSG00000262655.4	2934.94980885573	3976.94573717014	403.735054503976	1434.07360791398	1891.85377178139	5521.65744671734	1246.47473445989	1035.00122088729	1450.01448542579	1011.30394280508	1921.72784265528	3410.06756793989	894.659394769572	1336.3261100476	1099.48339030706	1129.6229191231	893.774171443283	1802.89362927613	1268.26583571026	2345.10855531374	803.27099990801	1679.92443823349	243.14869442026	562.791716101772
