GeneSymbol	4033	4034	4027	4028	4112	4113	4116	4117	4214	4215	4315	4316	4340	4341	4344	4345	3532	3533	3536	3537	4299	4300	4722	4723
ENSG00000005884.18	663.59143264357	414.397915842098	1637.97323326884	586.16622705302	571.371755755262	197.984203238181	749.316327300984	342.375940995405	623.091882635655	471.435656169455	819.243167185758	315.645462484445	1051.36067401756	797.649007504226	1065.39456612941	1238.47981309738	737.57607099871	438.53038979926	922.094283321095	609.439153371773	1200.23542062893	609.20510230778	2585.57007712435	1312.33302859834
ENSG00000006747.15	87.0061288654213	107.30421929004	116.169419193196	93.983779534764	118.277828647979	107.296656312557	117.287403886936	114.55856995976	104.830649540771	133.930897611194	99.0931710081191	140.842720664312	82.0044694253713	79.4870032428328	76.4718511639965	91.6861677250872	76.1998770131522	98.8176289360941	85.8686240554984	88.586553514576	88.1007638821333	93.9694353521094	129.471586243285	376.147332934796
ENSG00000007237.18	546.200152336427	1340.96678848747	392.113150957752	1257.42027488267	1045.53285803696	1473.31834002705	832.810487723146	1030.94216944777	935.477356793211	1365.17815980369	398.672936373436	730.208015944454	603.844306928691	629.574531313565	546.277066559481	524.032871100828	643.938889124403	983.683437920876	675.097509241845	1196.32489665108	472.985621598597	863.58838769793	261.793604766862	1393.99935796427
ENSG00000010610.10	191.02753296513	56.7689230456868	275.19160807406	56.4224349627292	74.3115466111177	69.1360724163454	127.594296779324	64.9917493295736	160.174741722353	46.8434265447137	144.722840188846	62.9698232668619	68.741152123479	58.2555660916042	67.417104648872	61.6513777531573	82.2142866362414	62.4989919590706	90.4808367876069	62.4197064194584	67.2640109137637	66.0014139369785	500.872144817632	100.540166395143
ENSG00000011465.17	18864.2920784275	35970.1428385524	21167.9381310666	25433.251932578	51551.3641134024	89542.8558357065	29113.5386169336	41705.0160883192	43713.1076287446	39968.1586286143	38283.9951498266	61385.0123894903	27234.403967078	32042.125617136	29362.7327268259	25405.6381433936	17602.964948337	31411.5229471429	16154.2880598925	19510.0649114428	29195.2041183707	58413.8804588213	36162.9499217353	32984.0418602896
ENSG00000017427.16	310.357308925919	785.105915720142	122.494518203821	183.593911936061	326.553167584217	2948.55402834683	179.393040767035	222.558850921393	286.242101760299	291.158005025958	839.063788987899	2264.10824679058	166.045807451036	340.449834588881	180.07668877628	258.484930409999	151.096111575183	867.612900877258	290.976838678725	686.486563580019	197.7642393102	374.275921925556	127.867430016369	178.308960426716
ENSG00000038427.16	12017.8359314049	9907.74224678067	11030.5718415608	10844.666931561	18913.8423400936	17577.339180767	13544.1916056046	12070.778933961	10452.4987184139	11059.1830227933	15587.0495072069	12509.5950413793	13447.300747858	17066.2660795396	11278.2641291847	9655.1832598126	12464.969653632	10091.0698949309	10025.4098918313	12527.6149656291	13788.2541728902	17754.0810280659	14039.6619773056	11259.8017482132
ENSG00000060718.22	462.286912765652	777.243630264717	771.927887807477	1132.9701683074	1220.43497261435	559.471439141769	572.88611272992	952.358592393385	455.037769212105	667.085516172956	783.389397346304	903.851982564611	695.400075866826	461.546295676802	534.549148244628	115.701382002665	612.562150513903	1273.99800265947	262.135979526201	214.268962516243	1454.06253037026	1231.56961012441	592.755973074114	819.68123843063
ENSG00000064205.10	147.719382613237	1019.81188318688	260.068318216374	601.952949219808	351.893897336223	1023.58951586645	172.109843908653	985.855146810639	910.719060671948	1018.50822375482	429.455617510667	752.527304678732	109.307325513325	109.139622618825	145.079851948827	101.548472339828	114.272728954788	916.581482492903	121.005456766702	131.442369327944	151.382319500182	975.287665616404	141.164551814778	415.426028425333
ENSG00000069122.19	196.922042378163	44.7435494510725	533.556480689529	22.9406369460117	66.6249972174934	27.8851544750614	71.8310145552327	27.0968068260933	194.758737847136	36.0922844422127	235.791636019071	51.781791978626	53.7762544844553	49.5810711083162	58.4630434014762	33.4134322056255	53.7155787194941	22.1073666489859	167.370583943029	43.2224805114795	144.640302210697	75.8425826595514	867.751133577003	106.56992416706
ENSG00000076706.17	372.258528313573	619.461274935765	461.417979117294	298.878308260425	344.423347058954	517.202678970547	257.29335296587	647.436897315274	351.096566326745	849.150598939954	407.671669185771	748.165280110807	223.597472368191	169.243454039856	260.983400852162	175.094853472837	202.471167734138	413.411171527353	245.261868995378	203.457888599943	192.917640857895	346.080022140275	2823.97391282263	961.154109861463
ENSG00000078098.14	5312.94608646445	4924.67849294593	4677.96511384105	3751.98044112219	6654.93083592325	6197.73893645849	5244.87230855334	4175.05592598989	5124.18884367332	4399.69993824758	6864.01829802747	6043.63199282572	5776.44723488453	6536.34616751406	5807.34106561128	5715.60724788797	4471.12663657228	5171.31494670475	4632.58447205347	5287.60180601834	6002.47663052772	7123.60307412518	5897.69264952242	5053.17717344448
ENSG00000081189.15	401.948144324798	605.867655951713	361.8035263536	315.102203482605	316.460530154114	539.925056707194	226.400750659436	340.779849799279	288.969346562658	361.2055825554	368.129661751281	451.558931607229	200.803809433518	192.057069898509	161.072725196127	138.267798652144	245.288777460726	377.641583900572	260.311424180304	346.010546203216	179.882088592586	217.321922668587	566.977763150682	484.994989434253
ENSG00000082196.20	504.954020738574	358.261621546612	360.658786432032	248.961562652039	992.9502207443	619.432799405881	347.917235773529	426.150658967482	403.406737372776	438.169599360345	524.900632611125	495.740126277235	472.409256149964	417.100879492892	826.700655127903	673.30762257443	433.594480585931	353.207643911971	329.152470977526	327.895223147909	735.941771056782	823.227270419344	365.532202798438	566.374298027932
ENSG00000082684.15	76.4384489606414	76.6342311917362	79.329576838439	63.9839322645258	73.1598658491481	73.2924091068986	75.3340650011773	63.9839322645258	63.9839322645258	63.9839322645258	77.6261079181321	63.9839322645258	76.1450243103351	63.9839322645258	63.9839322645258	82.8228951996903	63.9839322645258	63.9839322645258	63.9839322645258	63.9839322645258	77.1376906774236	73.5989953853597	126.026283419303	63.9839322645258
ENSG00000086991.13	588.57760533704	391.412003082289	652.705936255018	374.31508501114	228.518601655896	157.464858668861	328.801880469481	203.78545594331	419.578604590687	298.336747852052	511.855505021642	310.268739788379	593.460310868474	533.14736533799	442.603406615161	445.844236962838	488.133651662285	429.174995265751	383.773028622427	404.569520163184	680.82858733774	510.505513566781	151.946704798547	532.358578879242
ENSG00000087245.13	32548.6228595004	36030.2405219684	28406.5371157629	35501.87459523	37770.3155934819	41839.1718532006	35883.1965131656	35929.071608169	34851.6634455483	35162.434212997	41875.5104360577	48384.7682243927	34412.3400941907	39197.7617952719	35169.1340745259	32774.5900376278	29936.4843289586	40984.4271451102	32098.0441450079	37838.4607483343	35357.0463693063	42646.3593593468	13343.7896397436	30386.8102537575
ENSG00000091986.15	22520.1512618	25396.4819826879	31643.0366886584	34313.160085657	24971.0225683791	24372.8400377049	29387.7077783099	34152.4471337196	21327.0443962992	27779.3681487204	28006.1080533666	28162.6233460016	36184.6609571768	34308.3501450439	30248.6645795412	26366.525345189	31811.8939104272	23451.83574776	22259.3600312468	21062.9022270563	26348.4693141662	27676.5934281751	14253.9199590051	28329.1798583836
ENSG00000101605.12	152.232472856621	182.897448211952	136.325736107777	125.129828408032	193.791862807883	287.063273152108	128.862450456559	117.910040869562	171.354167451854	155.452343276804	196.52775102141	222.084656887341	154.020286420326	140.872120452701	156.605145717272	142.655683698471	115.473814210975	141.28866866646	150.6943362261	159.766832000213	148.241431223421	160.839553450137	230.870281008853	157.502524416961
ENSG00000103175.11	102.783691053522	46.6166943518795	172.11737829513	47.9826049247731	54.1302771503152	47.0864598636057	51.9103440171555	44.4743871740335	67.8919488586424	47.005915208164	112.775161817647	57.1152925278826	62.3538338180835	55.1410960129461	59.2403962827253	52.3988611742466	44.5908208317443	50.4115156021558	83.4364870989828	48.8167111392049	60.031874682015	49.1756472827754	357.638674435932	63.5808111503286
ENSG00000104213.12	432.938070610279	311.481374966869	429.134069048912	245.640359162828	399.75349768333	579.25966060076	403.303275365639	306.657165231499	231.419609932099	248.113171321421	565.860799204671	519.815544678363	414.946396293707	653.761028256049	270.483474962076	425.049392245384	374.076051052507	449.31024133992	656.741300911657	555.217410971623	257.859701343855	274.649924836923	392.655872485466	315.186423617206
ENSG00000105664.11	1764.87360311757	4845.80550526622	117.11144139781	1004.22956381191	1069.51908019883	2709.05162935773	408.766104554463	985.061417095224	2735.29719191711	2680.41353058673	1196.61779989859	2497.74246416341	481.823020928218	461.840117453637	1773.81955247269	605.599549000771	290.334138277102	1809.11713758638	608.819676789451	1602.49675318269	344.196622005465	808.028369652309	237.176213267026	1241.48560281984
ENSG00000105989.9	437.283630770216	1018.50178804695	339.644940209654	1059.62981468092	1014.53485971822	1810.04174506372	557.083679895666	976.258759443045	1179.37461094172	751.934287582778	685.900253589046	986.878611495923	571.014641745473	821.188791893515	303.088324268319	365.251538252897	408.39970642538	1389.36559516491	417.084512744786	610.794852209098	306.837944491055	726.683199940994	283.057339153685	841.061139436972
ENSG00000106483.12	765.238818501263	3313.09498863067	256.71540500667	1959.21034070261	824.557083442379	5109.32176038776	583.280218381634	1384.45082299096	1243.42382685385	884.564307165017	1102.47401987773	2758.88409827078	446.49468497011	1350.26917720944	157.477768982034	159.589987585516	297.506214982203	2864.85039882688	414.320848152633	440.712772957676	273.378044223298	882.170464833546	84.9761032621118	671.117698276864
ENSG00000106809.11	372.866892773045	293.286270204021	145.573864397857	219.272100752814	428.281956476898	1080.36201582386	241.036887990805	352.297050690883	164.626663142529	288.051749520512	255.641128309592	560.85217784932	206.409065052213	233.639175139449	242.320347544739	189.570815740702	185.589585387929	190.64761575765	156.98352386548	170.404010151154	239.565829430011	318.858215386527	132.980372539562	266.043744750532
ENSG00000108387.14	78.3028379146242	97.1967621010351	76.2640634404959	89.4530461026372	71.3364101767192	83.8579204115519	80.6710720771768	80.0166382064941	92.5448863570015	112.455224557387	95.1479116394411	94.5053154185735	83.9115775430114	74.6074634564373	88.0528157203459	73.0984218895938	73.0715291361666	94.7965541912784	71.2267144684052	90.1549866965385	73.5110112316758	89.9856445788906	100.746238910739	86.8118269355461
ENSG00000108823.16	133.576952417766	97.4547570141151	165.749951859562	89.4832074071848	87.1709160849544	173.074599483382	94.6791146952925	119.30999022227	99.316266974563	87.2568461669816	151.056974075484	96.7729602944282	77.7456902178201	85.3770766116925	76.7012281148067	86.1623447539408	84.3971524865675	106.941834201461	70.4783085113797	62.7742960004352	85.0195862890961	86.528572079001	165.734406342835	117.66031831094
ENSG00000113083.14	10221.5483192197	16582.4262719907	13964.0366282133	16949.2352267963	19169.544397965	17525.1759720556	16224.6181065512	19465.916720008	16680.2615684164	18658.668123829	16861.7092794662	17733.2651075564	16418.7458957046	17122.5193912118	16286.913705674	17467.7351457605	14917.7939759895	13418.1528728192	17372.5885018152	16316.6439819068	15421.0829868011	20814.0246558437	15682.3575258154	18279.8532174118
ENSG00000113361.13	936.340939644851	127.550883014884	953.598949727444	51.824559122406	173.88178867632	40.9890275545805	429.174643788845	67.3835194667984	126.99342257987	55.92143727001	591.414912721308	91.6522193177992	424.555790817518	383.257310947858	425.746082265557	208.079998773444	652.927624606745	68.6572599986938	362.945996438911	308.672675256448	353.060162252	175.811455088737	1445.6883729078	209.019344572032
ENSG00000113657.13	2867.97022944192	1117.54549092609	1267.34839892026	785.784121139305	2727.56778969352	2398.61717896305	2842.28088300332	1996.49523571032	1944.03582220926	1865.8540158784	2800.63540143232	3111.82071872747	3209.08414016379	3804.16884154857	2163.00732748182	2589.42078642058	2639.63831388125	1643.26918545388	2109.40628221892	2420.7513311663	2856.94198117557	2736.15952449898	1419.12999515482	1121.64501317981
ENSG00000115380.20	3848.09179182603	10004.6300959942	5990.09804743642	11389.4005142926	4206.14051277934	12839.3593462229	7178.32119448225	13452.4512923058	10235.1225194683	6294.26664654631	12471.1119620733	17154.288891395	6181.52979195239	7675.33188780681	3238.290458818	3514.46054547012	5879.77506177851	11282.9716411719	3735.82506453054	5232.84413088479	3682.7661998964	12661.1371755378	4750.70494833551	11588.5169079245
ENSG00000115884.11	1029.49598216936	1213.63331129536	599.55971479836	1523.62325728154	698.316404370532	454.30892551599	1212.47254013422	1600.32337370411	597.757916146618	1081.71700047682	549.928426268973	777.135944270243	1170.48854813419	1062.13563266162	999.848787801194	839.398341733671	1759.04964088124	1194.60059318961	842.682468955952	956.158561840047	874.665827524525	740.906379533326	138.857671072796	532.709286680051
ENSG00000117122.13	4367.87941235484	3083.99030687848	3377.72330503246	2497.28122391399	3474.28793767754	2813.25683874646	2500.33241423269	2324.79625999385	3924.59608112709	3787.36369094549	4704.81247820361	3943.63388447704	4958.45150518856	4714.44402950014	3228.60299260535	2738.42510135862	3235.94079179268	3271.1498622687	1095.11009181868	1577.83941801226	5414.12391638062	5847.38813503581	4204.32223948776	3247.42964157334
ENSG00000118729.11	89.0899226969065	65.8382407818079	101.981318006072	65.8382407818079	75.117847628392	65.8382407818079	84.8548111452036	65.8382407818079	79.2436911748017	65.8382407818079	83.0934620321852	65.8382407818079	65.8382407818079	65.8382407818079	65.8382407818079	65.8382407818079	74.7490751342712	65.8382407818079	75.0471943449917	65.8382407818079	74.9872786795566	75.5614489908836	109.09542950621	78.7331897303283
ENSG00000120594.17	946.458675866033	284.341118517298	334.910988108233	182.847273654587	889.912292263527	432.132663015418	716.353082786116	225.144136058022	388.706649681035	257.653559789309	1132.2556790038	763.918276288501	1215.96132791048	1455.85671328418	1161.93250457788	709.980672387921	730.932246535285	289.131075155195	696.354958815002	855.558448994978	852.289728432052	855.988815653731	336.122635324285	238.698908811973
ENSG00000122367.19	93.8434616577921	86.8317023264827	86.1712535222143	76.494827867702	92.2595753388757	90.6212551487752	87.9566267865561	86.5168453250296	90.0576189026341	80.7042454620945	81.0002426253591	97.5282088892085	87.8733804087382	88.3769028876736	83.2169059761733	87.1441820177056	82.5957414963717	86.1066679647161	92.0328587226253	96.3740401978302	87.7387822686387	91.537474209238	259.255837709116	94.5969100271916
ENSG00000122870.11	2911.25012992907	4199.64670307454	2284.64057894471	3131.0587865258	3307.03157297184	4220.20927263615	2359.62925787475	2621.38246840562	3403.89334893167	3019.36847275771	3308.44846514445	3721.80681697082	2400.09383361557	2862.32909119414	2704.15152914612	3033.27152727047	2300.03177891405	3714.49494418953	2582.58963422203	2971.55280892291	2397.05379731025	3386.64592317679	1606.92422296856	2814.82684613111
ENSG00000123500.10	139.496192852704	57.5071117396723	105.969305615204	103.898748849705	149.427189611801	53.621234726821	68.3968391971339	82.3905769619114	135.300509675729	121.540167660766	250.3366530975	144.933423261481	196.417854556056	66.2835899423614	109.562451832871	67.8705343491938	126.060611291894	84.8002965591353	82.769807003054	49.0286027522235	454.876144535848	186.507877441402	31.5237106855777	65.7169254825003
ENSG00000124212.6	5978.42198509356	5018.46754279086	988.227719136791	2321.33275416064	4614.57631849689	8352.64836351533	3002.25138493826	3623.48723286255	4171.62604968541	3388.97438218158	4630.27089881321	5430.85016591454	1876.45507711028	4377.4295215229	2179.05612976356	2450.22177972056	2272.40915140722	3792.35520388878	3007.97615371875	3790.55166296388	1452.17627050059	4963.80974782285	2879.98252059322	1083.86501776229
ENSG00000125730.16	1580.34317784026	2462.21794893243	741.226905359814	2794.9728014292	1806.01807541216	11670.0614607881	3059.43715674851	1897.60587805007	1595.59404283565	1327.82994219085	1446.56232577624	4145.98668987477	2765.87912702377	8902.23008593088	609.420970619266	592.655499439249	982.834043661686	2705.86421361975	1614.36560719735	3899.01021153679	1965.81898366364	3788.67622398544	606.954553484269	824.503092459169
ENSG00000127083.7	105.124477410113	120.836513257567	82.1161547061532	102.026318891397	114.449641199967	142.534534040883	90.8978477545817	163.798767186716	128.723305086705	169.606373180511	92.611124621265	147.972884866272	101.944285653867	95.9809535926875	92.3160326718523	82.1161547061532	96.408273021564	127.814711529582	82.1161547061532	97.138088412727	82.1161547061532	144.876177423401	82.1161547061532	123.092920679513
ENSG00000131055.4	40.0771426590089	40.0771426590089	51.441341890066	45.381207197651	40.0771426590089	40.0771426590089	40.0771426590089	40.0771426590089	48.4398534188002	45.8811308212493	40.0771426590089	40.0771426590089	40.0771426590089	40.0771426590089	40.0771426590089	40.0771426590089	40.0771426590089	40.0771426590089	40.0771426590089	40.0771426590089	40.0771426590089	40.0771426590089	74.2997552890982	45.6124874639465
ENSG00000133392.18	535.48565314229	206.217935353201	330.197140411	200.637570712025	234.132623606485	229.536718508155	225.852597487553	221.339120949117	465.375452843584	204.927509933578	423.912791020432	216.403769515218	254.215834417918	237.946562502929	183.272082956864	198.454053076404	191.1117280351	236.009471123253	317.970857123398	195.311778813024	223.628426421169	229.25330200059	2887.46674536133	320.125906124444
ENSG00000134853.12	5022.36293583624	5172.66724832284	3667.94740991666	4064.3820660748	6159.25635219866	10652.1227380534	4995.55617064237	5600.51678930264	5582.96387569783	4913.3777734764	5400.25666674777	7816.9004937382	3763.89372335007	4874.28164280305	3749.91340149466	3854.56856143694	4576.77997326461	7448.01262568824	4507.46736253106	5672.44338779448	3368.56943078083	6031.60258968452	2972.24148890523	4006.41405381214
ENSG00000135424.16	276.550619891982	169.261068372109	647.0351954059	181.601814068941	95.7429436175309	122.915393826362	145.697461728491	143.911036093042	186.704619915921	123.826078552255	302.145111542594	127.476874963201	125.982024943383	120.763140267151	90.4965883883512	109.687561746949	99.4225766827177	186.397422855189	165.049390494339	91.728146441619	103.02468620335	97.0935994467135	726.2485213432	202.162228031973
ENSG00000135678.12	313.681838746478	356.25733324297	154.854963299196	239.841912855074	132.222406014956	216.195531245566	125.453560486556	133.178921709956	223.613063110195	285.249615539016	167.362892549082	241.268515465155	128.190159183316	179.406022536951	83.9520981608162	164.731322412299	119.615248666593	227.038875823551	135.537198930688	155.524308863729	121.889016409597	153.713303630526	46.3206957283633	119.873478439643
ENSG00000135919.13	8887.09433301533	6932.50732818902	4439.99159435279	2171.91084215524	10236.5216886445	14397.1185429711	7151.66322032534	5041.4746969066	10291.4308272279	5424.1567868687	14587.9662707865	14822.5836170997	7334.64415360525	10275.7845243745	6256.75367337062	10656.4973333885	4047.91250039603	7012.25422138516	7273.38851403873	7162.77577522409	7148.30591681097	11907.4259724885	4053.2653407712	4120.7454717503
ENSG00000136040.9	305.322045517049	233.942701883897	280.720296068407	254.806797108442	272.129104841282	244.950575773464	308.013113394908	222.330812482915	330.611294841873	232.598756890026	419.665575265081	324.953375001543	283.823182005783	283.103241513612	415.425589061766	377.436261542742	475.505447369564	249.949960890973	312.888037828585	288.246435075116	440.363093744801	446.101935735363	205.241875303619	243.167701536037
ENSG00000137558.9	90.1033257776354	52.6710896369992	70.1339800206971	52.6710896369992	75.1951830571836	70.1004146309214	86.3272702043654	59.318486036734	52.6710896369992	52.6710896369992	70.2314193295864	52.6710896369992	95.3512826640087	120.954804719709	65.4535579509804	75.7957026517038	94.716986203187	52.6710896369992	94.0475005657051	91.1139258312197	76.4380727735692	68.5628044275706	78.3367557020025	62.5248089338482
ENSG00000137672.13	85.59673674581	25.4713014714085	98.9351169129603	20.5544039260976	28.3877694033926	22.0001789330522	29.3758969266139	18.7886405899917	45.2013220951173	17.9131191123278	60.6135216347683	31.536499032216	26.8589321458417	27.1839623880156	22.9680827555811	31.8893118825155	23.1569137320833	22.600103085232	65.8998917858756	39.0974842069104	38.9202697606734	23.8614215127277	238.120948916038	41.9633556948907
ENSG00000137745.12	43.3660130926047	32.5697486156405	37.1929479823287	36.2012212007467	45.1930974933682	35.8260636454267	41.3992477764799	37.3238754331607	34.3730654108869	36.903294032449	43.36186125521	42.8734810948883	46.002812223029	40.5507872646071	48.9554000360267	29.0839855704977	40.1490274862566	46.8208139891972	35.674718328885	34.4526688247233	68.4149263521561	34.6652819858807	29.0839855704977	32.5979768519957
ENSG00000138061.12	7760.69192889782	10452.1880017868	2290.17440953312	1948.41643978033	7441.14335341467	15889.6642379482	4264.28852764507	3705.10760663301	6352.60569345161	4244.25746100087	11192.809538462	12783.3600341027	3665.78360582335	6574.46562483613	3151.05997906159	5482.39612057679	2029.40288192897	7400.72231427998	5146.15165353942	8570.27570867551	5329.49550182869	7698.82724921985	4697.05662708033	1490.41853173841
ENSG00000138615.6	97.6870458568344	151.211769267014	102.832632788223	106.963898980469	137.965147070024	192.119524742713	120.038979093566	111.218077867723	142.782340623026	120.359411257226	117.503241293846	109.996060250509	116.993876381544	123.524890544158	123.191699248581	103.584777701111	111.909789259723	130.246479041719	112.841317341362	120.558939849427	85.8082409477599	154.38548808788	110.355773691964	151.850238730582
ENSG00000139329.5	6796.26142620258	7867.98477056831	6707.15121963065	6306.31043159569	18314.7760723715	19870.0354399081	10102.8191519475	10070.9305774277	11837.3760884173	13513.4469968793	14496.6445045662	17063.1423461109	14013.1481174713	14756.0099280097	13439.5115532074	10112.122310211	9098.84738184034	6266.77602368146	5920.37300270576	6956.63441062952	14381.2050155783	15244.1750422737	14292.8933880206	10345.650966245
ENSG00000140092.14	3065.56302872372	4828.93696572892	2271.99475194233	4023.00823361255	5265.86966273012	5055.56321260533	3178.94863010056	3197.65355398618	5522.17114676611	5116.15264792196	4048.15354232028	4855.20005106708	3529.9510496271	3532.62305365002	4829.2321654709	5114.86507825618	3751.09837173941	3462.23488365563	3211.20523038432	3733.32884084916	3873.03895659873	5683.36104376534	2037.36074126585	3251.11616674739
ENSG00000140285.10	3246.76802923259	5539.561979539	1583.79352825508	3032.37225672947	3165.69036533462	5774.61954643565	1866.87786906362	1945.18891845148	4838.67474113608	2915.29608933136	4451.29615762379	5349.95185224342	2370.37396890261	2973.37031594061	2345.77182935185	3034.82772342999	1920.9371917387	4900.22895552029	3464.5549914192	3625.36609347767	2548.28868344598	3029.65552231912	761.402525646372	5033.70689722221
ENSG00000142910.16	963.879724420733	564.880309862986	1345.01473645993	323.678846780719	482.972982526246	340.511369847093	457.119475193591	413.458667888511	793.592501298196	445.145272877146	1034.56300893785	549.951693243304	261.961995068972	221.210651027348	158.80677473813	108.70288542778	265.664927295762	344.164158678086	509.191666951989	277.716006017613	237.153267274174	675.848374923686	3216.22007804359	1211.74012614344
ENSG00000143196.5	651.949313623708	1106.0750035241	418.856151242308	901.178741360569	1213.26472585351	1460.42543463971	585.723034400127	828.746843509715	849.337748469548	1375.84387422864	910.33367999451	1564.99355709749	935.567304121961	1063.27942591936	837.870852247871	484.169516039799	672.381066945424	827.587774508033	516.83838917098	644.231926528354	1277.82277709957	2136.72645035754	359.865919336866	681.75026614649
ENSG00000143248.13	77.58979951085	99.6582682317746	135.955275202682	73.703139979176	89.740435525646	97.6775255206215	86.0830069813212	109.441234939494	96.1432715436236	93.0470969449192	102.034739947449	100.529445723552	90.9345392217306	77.4469133919552	86.940191377775	82.8222816186989	88.6695540159305	108.740160453938	87.704795327386	87.1034384164314	102.041690989208	78.8540447097254	268.331061310609	92.0200834783388
ENSG00000143341.12	677.646827347535	1333.12423791324	355.829855202069	1068.42079432229	1225.77577173002	1476.62069885197	960.878374506622	1301.93094894118	1087.57645691418	1149.7783837712	1107.40277492153	1535.20722616158	866.323832566435	992.746742977437	1013.85298790128	724.779408812076	478.426697473695	881.061190755699	413.264554569367	852.530492879327	465.926124197985	1311.8182277065	1161.77431851951	1387.18276543127
ENSG00000143387.13	3993.56170700702	3750.3542612208	2935.60917563786	3351.64590562099	2921.73295467357	2445.68073205183	2912.00108145755	3254.18802344984	3806.52423882382	4225.34783610624	3390.19789012726	3467.05934293329	4536.27779830012	3849.8647626052	4296.94006733523	3263.4878049749	3733.19078143671	3374.7779953099	1672.68678653266	1852.48932192066	4159.77670567787	3281.13869688911	979.010712535365	2440.60956420125
ENSG00000144810.16	4468.02722230629	2364.39756402127	7023.73898480921	2531.15264645314	5511.28177571787	2005.03783195916	3828.61537035	3242.66543234727	4650.37140182537	4580.70124924546	6413.61808063948	3604.69881450163	4755.77579815803	3886.49467402393	3191.67010009094	2749.74206334166	3187.01536491691	2449.59858429816	2787.40379053303	2680.11904065552	8661.82932130937	7284.31764303066	11143.2494966913	5696.01082571924
ENSG00000145423.5	3353.0170928301	4969.7477760667	1017.45800534565	3111.88510469696	2458.41559211311	2257.74918271325	1690.96843705012	2325.08186777496	4487.10828551404	2304.60165626014	5318.60362032338	7049.57843169002	5897.02283186042	6647.8236793407	4391.5568156411	2932.4509638255	2108.45252252119	2549.13407458275	2928.41114822214	4280.28370036268	2199.99255965537	4532.11593539627	1163.50647518962	2595.04453785735
ENSG00000148671.13	1948.02477386631	806.236048950037	729.968829407005	399.185757220851	902.701409022324	783.80412306467	1062.49177777175	601.523892956678	1358.44863514133	999.640444075567	1014.1603171995	1186.84173428464	1499.4053128044	1607.69558097178	1050.23352303531	1131.9859277666	1406.93573609929	1001.96954482883	1059.87895311815	1016.83015780661	1166.64985121547	1069.75154150631	1853.62716869075	795.653462564574
ENSG00000149564.12	140.285154199296	71.1134027683421	155.234163895901	62.7443851800538	78.8124789980849	67.7421863033775	88.3742809009846	60.8491949917051	126.4517219604	63.7656906299332	142.98197731951	78.759341675271	72.8325048223513	73.2933152142193	58.5397508188494	52.214257716915	63.2564220127062	70.9974733313754	109.581557571418	67.6468663859508	96.002701173888	71.6865250312891	1325.78009723825	132.161423360753
ENSG00000151320.11	67.4213962335938	75.0974198713661	75.5910937857069	62.0337613380181	60.5671236874053	71.0407966349555	60.4559646704706	64.5673578780037	62.8389980660727	67.5414681271633	63.5108438260047	52.1232497274737	59.8493456585458	55.4522474565992	53.3601275899582	51.2778952565182	67.2605676859396	60.8493516228056	62.8044856903644	70.8395107586455	53.2757179992292	58.8154114429025	160.322990715846	68.1315438210787
ENSG00000152377.14	6268.21325988013	4099.40172537898	7140.53175772849	3586.92789350468	8699.80363568963	6243.29840710423	7658.83333252628	5072.31207121652	5583.49046668255	4512.76851789211	8669.44963078639	6901.66970930324	9008.6926632671	9678.4739527086	9560.57985056602	9844.90940859155	5841.05242251477	5010.76306205471	6330.23252578659	6374.30387567987	8161.60579945773	8254.75678735474	11233.8496510221	6241.80384282487
ENSG00000153902.14	56.3927823080047	58.9212684799563	74.5792549946445	49.0316440284792	63.250668122969	66.7147120312543	50.1472778370024	58.6710673941932	56.0734514685148	57.5349895150109	57.8425671610647	52.0113621006561	59.2500745734797	59.6384464729288	54.670206999171	54.2532400561391	51.2001473444165	51.7276527192118	54.6667706388573	57.6237240048929	54.5792715197725	59.603525299106	105.216378856717	63.2162872970739
ENSG00000154262.13	352.55316324831	680.237042966076	226.94600218925	337.628134325431	498.753499224893	860.555663021779	235.878211779542	287.004527455716	433.249715628568	343.411012061329	488.921947246646	459.937513022764	280.217895054635	423.661865468334	205.957364552532	309.456534459972	221.736554399636	471.529050439178	233.659103252221	349.541557371485	196.681136877429	409.721857026813	226.252222688271	232.071467567204
ENSG00000154556.18	424.090511792273	332.142423420344	910.006836533379	552.772376018319	521.471166151896	581.888137202385	341.44741723266	509.950668818529	525.641159299365	517.546378170835	675.984203806069	561.818352005569	298.79212558103	257.713095741264	353.808820194915	212.998673503741	308.182769099735	526.266800368817	242.416695061689	230.899012903712	262.259682319452	497.47383667917	2272.8355059144	571.933878814885
ENSG00000156265.15	390.841155398955	230.679069667187	1157.82379445023	282.471222743727	619.208894147795	221.420472863483	494.641234589678	279.532478410355	368.655005240124	275.023205987879	531.39467212084	238.863735167397	674.307979451209	542.066797742572	578.053660715578	492.265885967732	483.622973467641	250.988332727534	464.862631339069	384.833270881474	688.355735326132	408.147001642685	1867.82230993898	344.839012225542
ENSG00000156453.13	96.3901252023131	65.0911782871192	198.127987466982	64.161738641688	73.9069180900281	62.3474229808469	93.7347548178614	57.733626856547	92.8856070443377	56.8500641116423	73.1475261951342	53.6152415427822	123.73413440209	101.028981306292	111.836605631368	78.7329484023822	87.0343295258698	51.8117265475743	82.27657880962	75.0148111748674	105.536012077433	93.7108986463436	716.999757837388	161.75631718915
ENSG00000157766.16	872.428096890326	895.067910326381	2669.27860071482	146.327341144581	304.503563820777	459.068400069497	312.602165145487	332.77803631865	748.229543072162	177.850413127192	711.504584979916	325.977224999226	246.697452906573	115.950144683217	277.1412359063	173.636072870105	133.190722909164	258.596825876825	241.666618262045	113.545094296391	293.641342945429	99.0774414635907	8205.2358219079	1890.69246596782
ENSG00000158270.12	1114.46650801501	916.621760604008	184.262303508616	544.953577454343	636.190764054362	1326.87261997014	569.448691490506	636.450685261743	883.122413833062	788.633823966906	734.847325913424	1130.89295237454	541.037484113917	676.912461706419	385.808071349971	451.654598306009	451.439390829994	1042.16443089559	554.844370827745	695.27319178781	478.321365304636	607.87754669985	73.7272863994844	646.943625330451
ENSG00000159251.7	178.560616143827	296.603927821909	68.4273924690841	97.6953063118792	108.00175123399	182.830594550929	76.9540026692841	101.233797582296	145.329751057633	193.938433410401	176.233824250498	171.364989103754	99.7149597035803	88.8614962868605	200.267832379697	106.856849643872	92.012052718614	73.1045913370567	131.841907377082	121.477012271196	107.809517499287	127.461016764653	102.873352267201	143.312666979879
ENSG00000163017.13	685.731908394836	198.62499173389	1301.79796263315	186.572797217378	271.399039439827	199.683318835685	279.350588044924	176.09689169511	448.425116749171	195.302357938945	606.351698251567	222.154271562747	283.917395699137	432.471360056724	198.230374302185	172.61673079541	305.588172321253	188.103522725872	426.565483936605	202.822561800937	282.935138955245	194.102283456173	2053.02879166698	358.432685191551
ENSG00000163531.15	869.820256575362	799.247082944037	681.061460943681	816.907050144852	611.798267528564	880.749954096888	634.533989167629	594.276686560768	704.646703122123	794.380307083648	568.541746645643	625.567935295924	614.548687063057	746.620966109535	685.441777033391	901.195278481338	580.195931169973	635.287476169723	859.352401154061	705.651692835598	464.285018978554	550.307061924045	462.314967919706	881.547657197286
ENSG00000164530.15	1580.99851019047	3946.33010671417	1197.33048169276	2499.60368806379	6953.95757140393	10097.0974521367	3068.1498015469	13702.5047432174	4764.64594803882	5707.59783230923	4708.34495082177	8072.01510747655	3049.5987929736	3727.43719819243	2962.67099351907	1878.40225859929	4286.70411348383	3636.42183298771	2992.1353576883	4373.22728961616	886.330394657838	7537.09859280373	3840.39287562588	2041.73043887756
ENSG00000164647.9	1083.1057201981	1618.89252352079	1339.56773826021	2381.8949525554	1300.93195663137	1159.12468317093	1340.6285464351	1388.66699919664	1239.28824763034	1420.68343646549	1100.05557684348	1241.70308751732	1280.92320372314	1230.25964106486	1074.63344277092	1002.60993907161	1543.03898477115	1688.22773734887	1233.46102436906	971.018508497426	1942.20973697205	1411.82166737707	465.720949761249	1536.88011059527
ENSG00000164694.17	545.586988612853	565.702800656546	188.667610898208	392.201209369394	606.475542347354	983.417838314774	427.994120515051	324.452727732878	518.515891957883	489.217882278747	1106.95872953861	1586.99349587593	642.722226439998	902.293125226088	385.237867765758	258.601894032691	194.222099281674	235.251859963067	482.556799789445	814.591366907221	835.670473808702	1045.72841310201	256.186970975619	298.483288657435
ENSG00000164932.13	4070.09073518124	4369.88966311959	2805.81703294639	3254.16789829799	5777.3902821378	4602.18456277454	4980.70398960592	4521.73141988993	4483.04254411005	4937.14377830046	4144.34830441591	4688.70086083914	5111.07818265465	5028.10856628394	4549.50979211343	4126.24459350135	3736.12523384434	4439.51506823367	4281.88613126056	4775.46892855881	4265.83338399721	5384.08190748286	1788.81619312962	5481.98456733641
ENSG00000165474.8	70.364656216669	47.298131919548	64.9017936839023	51.2441504092604	79.5050023146403	51.6785236315981	230.724214060712	147.320531316844	65.2027325029575	58.2991051022867	83.1378678818014	70.5537561682551	122.395124493644	132.599065362228	66.6178574412678	73.3584750701687	76.8977885618977	51.6626535246472	96.8097029116223	80.5675895144148	202.216175857618	105.668654618282	137.636577173089	180.510400683992
ENSG00000165959.12	115.654582078302	116.65395229897	129.243429315759	104.726850155059	90.1906509790702	97.7316382148407	116.248991769567	104.476506761629	101.642078818202	117.819190120379	96.3063638816366	91.5041216778938	149.407744623415	124.64683618705	103.102962565361	141.750569714592	114.93565445205	126.439440327963	119.701168406853	112.667084603527	98.1856717052626	104.155595421208	88.8992961906725	109.583435073431
ENSG00000166148.3	38.9329369115061	26.1087401024345	35.7967369326378	26.1087401024345	26.1087401024345	26.1087401024345	33.4706689885979	26.1087401024345	38.2949803980431	29.7177273869993	39.4920812805321	29.8562815935035	30.872699581815	32.1813025750322	26.1087401024345	26.1087401024345	26.1087401024345	26.1087401024345	29.6787278356872	26.1087401024345	26.1087401024345	29.8778033704951	33.0292738617279	34.4212677983076
ENSG00000166923.12	15338.3291688101	7944.09153156569	16132.3823723498	9303.89765806688	14708.3913003708	10348.3628192793	11331.2969578819	5779.36946921019	16442.8888580031	12512.576802691	17079.0652314369	11887.9853149749	18163.2120726845	16304.365356053	16828.8699383972	20124.0896510609	14001.831095951	9435.75060763687	16028.9792362289	13460.1228787032	18846.2134760487	13440.3625507024	10350.4507092364	15958.1407541596
ENSG00000169116.11	576.741072802885	366.321950782534	357.625922318735	381.279333340212	250.038274324003	440.364080608447	266.881176310867	254.969413011029	228.56126448488	231.760474160986	327.302117730518	357.448396998793	337.751313925118	572.697518459572	271.166889789016	264.647338316508	357.691595601733	451.575911576917	555.821344064426	503.400608318027	263.499447500577	251.588608133866	412.393318850873	285.374231812516
ENSG00000169507.9	40.790334385454	56.3372077264153	51.8189286114541	48.4380002459068	36.0783748903459	43.5128379863568	43.8505802054485	44.6330302733614	41.0875876026429	45.2713804284818	41.2273473963332	43.7186502772773	40.6820697595772	36.0783748903459	36.0783748903459	36.0783748903459	43.1064398362782	43.5046234074157	36.0783748903459	36.0783748903459	36.0783748903459	36.0783748903459	51.5194307099241	43.0810465987177
ENSG00000170412.17	245.458478715697	353.148835592496	113.893764363044	191.575234719063	109.55007195644	235.772967395454	120.636697891087	146.195054657909	206.453272371021	122.901261649273	290.91518578481	299.961894785299	112.407513844363	182.15354561952	125.542433453409	255.388590180788	94.1942309228553	251.198654616957	288.751434241075	359.11225314376	82.0422543558144	122.733410329958	106.997615962063	193.181103011925
ENSG00000172061.8	741.475034905128	1280.08568989363	258.734290887033	859.795876172292	1027.74790769417	482.368962596142	622.01287867625	1115.4033761742	649.062510852175	881.308770532073	1025.70129223421	1142.27910658242	1694.47727102871	1526.48960128151	714.289011780349	492.576637307384	976.203885261035	1096.3455124357	339.402470528672	426.670668154359	575.960302210209	834.69603878993	588.584725559801	2353.72198299344
ENSG00000172159.16	178.077960529993	234.91397598313	266.981096992704	230.539772585301	131.345172309633	171.498451951511	184.08995579686	297.637153152988	374.568471111103	321.828718730066	174.65368237009	230.821090338045	123.743190410021	109.775547725728	121.25221586454	112.33454898474	161.401453369279	319.160202736758	177.566378998735	160.930776882749	116.189966085255	153.118734844707	279.797742015653	198.372802318086
ENSG00000173068.18	1110.35073035078	1490.85020717076	1086.21579835833	1504.91895855564	1344.50524239449	1596.97149214168	1193.48654145724	1351.48738289375	1232.82467476453	1336.41048064552	1276.96965162318	1282.2359061936	1168.78432614737	1339.22482927517	992.658535745463	1058.93770328294	1246.20776538936	1496.5118348512	1044.82908108584	1197.44920112324	1054.18324979956	1452.70382278076	532.21938935161	1275.0135611547
ENSG00000173546.7	750.373376957592	468.765616958978	1277.71236747056	703.429761626862	474.320197304973	248.593203561595	1015.94578475811	748.198326774684	794.010886490373	846.973808501996	537.092099980365	405.067141240215	1052.26417941949	792.72013617857	1248.84567204019	1080.83123262793	1046.60959922487	444.353707772652	921.163245953036	587.025243284636	982.274074924794	347.96673489305	2714.25246838842	1227.75549602795
ENSG00000174944.9	45.8714015747805	42.3403357874704	47.1270095558806	42.1872288910508	46.4532627156137	46.582361998514	37.8003468903904	37.8003468903904	42.5527202624807	37.8003468903904	52.0702254383885	37.8003468903904	42.1700024235574	37.8003468903904	37.8003468903904	37.8003468903904	37.8003468903904	37.8003468903904	37.8003468903904	37.8003468903904	37.8003468903904	37.8003468903904	89.6127220542254	56.9008500646203
ENSG00000177098.8	29.2308998650084	19.4068293363247	23.0810218807816	21.9243427392542	22.152428672002	19.4068293363247	21.7509722788899	21.9775623703241	19.4068293363247	19.4068293363247	19.4068293363247	19.4068293363247	21.9143979729282	24.8541507627745	22.1322155741774	22.0476129984362	23.2362992567924	19.4068293363247	19.4068293363247	22.1758569004878	23.3412774089004	19.4068293363247	23.913912092216	22.033987437935
ENSG00000177464.5	118.143166385797	178.412473702978	61.5253639837941	169.262687566403	97.1796625829677	103.593547248118	104.841050659176	137.442609482556	79.1383742962357	124.071300097404	119.639547063612	108.028016487741	105.2331840911	97.9220040983871	78.1420398654418	44.5314601303635	140.617602034002	121.042188167082	56.2222209782997	92.3147115601692	59.4013487179447	77.5462328745435	42.2028055438824	81.1056381089938
ENSG00000177990.11	36.7434903469732	24.0301650996033	35.3028060330289	25.07562400427	20.0982204687854	21.8937760912734	31.6084611280269	28.015120953597	26.4296034787135	25.6307581439761	28.3537108138386	17.4324401031405	24.7525616790278	21.5855439941723	31.1701389472761	28.9905595120945	24.4685980879687	21.4815669175973	27.0052545765921	22.2352755588442	30.505443283186	20.8571477549681	34.2197050242088	33.3340696995266
ENSG00000178878.12	291.501725335579	346.28085011757	383.322002588143	293.63436660472	418.293615814886	425.770136687818	300.251569560878	397.199045186351	299.493215959785	302.780040875429	328.488098773169	315.028168901828	218.76255515732	236.343980555688	205.824574133559	199.945294559793	406.246288666428	454.884963798191	241.020583213846	275.186675540676	258.848107098266	396.911710592299	628.105026102177	258.588975057439
ENSG00000180785.10	35.4552037636894	35.4552037636894	35.4552037636894	35.4552037636894	35.4552037636894	35.4552037636894	35.4552037636894	35.4552037636894	40.9870553023383	35.4552037636894	35.4552037636894	35.4552037636894	35.4552037636894	35.4552037636894	35.4552037636894	35.4552037636894	35.4552037636894	35.4552037636894	35.4552037636894	35.4552037636894	35.4552037636894	35.4552037636894	62.911596795094	35.4552037636894
ENSG00000182963.10	552.496872340257	522.552726997247	956.436066012046	819.483990706131	510.345558688983	405.150082981149	623.779078154323	641.903622229443	602.634141759363	608.678307293433	460.364433190418	448.346825365531	599.078963422849	506.313116028508	781.203940919484	681.219600422376	685.620934948056	452.900101807065	549.830161485611	535.90060129861	700.296674151569	544.917926917476	697.634781674121	640.862203641101
ENSG00000184060.11	56.1174012288488	46.6649395331716	73.9234943435432	44.2247104061709	56.2044388756917	50.8428778009665	48.9376069980673	53.862373344049	58.4499629479986	57.4809573681696	64.5501001462099	47.3947953891494	52.2823429471973	48.31026939764	50.5826342794797	50.2156314878921	46.7523932045792	50.8298028709013	48.9140465288235	52.3118296732365	53.3923056132649	52.8523452485697	164.47325749303	54.208731455872
ENSG00000184489.11	185.643771367652	180.686673857864	120.330414364337	118.081391499567	168.693036919375	185.133257656713	158.923830690718	112.593998279891	128.324596221442	158.921536132116	171.169621737893	155.397544005511	150.07706818974	168.352462067442	183.726353278203	168.994555278603	170.329987450592	173.565193635732	147.369434396539	185.918302318268	165.466913380724	154.037109938041	173.439269302545	128.120684487643
ENSG00000185633.10	479.578995499592	902.149542971668	1362.6253069961	458.365835547949	252.322289415358	457.712367595362	272.944011857032	548.433184006993	567.566907188443	370.521057355976	723.165351603649	499.779579949187	145.020728038049	203.26175467597	451.542243250836	217.139531456126	170.399020250215	385.058328943858	338.152081070227	216.771431188714	187.658178819867	252.726997320113	1948.327033264	813.184701552627
ENSG00000187513.9	81.3176291656007	77.5320867469183	91.6153581068203	68.6911635611646	68.6911635611646	78.1388374766897	68.6911635611646	81.3384785240173	68.6911635611646	68.6911635611646	68.6911635611646	68.6911635611646	68.6911635611646	68.6911635611646	68.6911635611646	68.6911635611646	68.6911635611646	78.1286758633111	68.6911635611646	78.0840334754814	68.6911635611646	68.6911635611646	209.737986161395	84.8395523151441
ENSG00000196569.12	771.708583043771	1524.29959998723	854.175262257339	1238.38780475674	2159.03744641392	2581.78714651969	1188.29101758283	1275.00920594484	1632.05813614229	1635.0126538076	1492.92769802132	1715.23069049132	1275.54510756648	1335.78655530524	1764.296036965	1229.61227599658	1062.03702045597	1139.03363177426	975.547670532587	964.031031845927	722.213180581555	2013.52606932995	923.099056073557	1962.9295517192
ENSG00000197614.11	1721.70940683443	3871.35760682943	2067.27101800694	3918.7762519622	4327.25467564922	5187.44046723523	2969.79081275119	4545.93815108286	5179.10187774197	5416.8014905628	3712.25284514362	5483.22304319648	3221.80429607379	3573.81683319905	3089.90674514237	2910.13123076451	2647.10893075347	3694.07422315317	2378.02201418161	3297.54069348584	3176.14967966823	5800.670526111	3429.03061803167	3313.11698598733
ENSG00000198121.13	1687.16238154058	2410.55822157773	1775.59488055064	1387.30834275159	1831.98551177017	3445.57353228932	1334.73269881863	1821.45860341624	1762.63443581022	1899.33064094607	1602.22326468768	2179.31383779679	1189.43551563163	1263.24561250006	1014.53095120642	1265.15680021375	1237.01205862832	2074.7681526081	1384.00142932238	1396.96462155292	1163.59898393245	1593.06100083393	1676.67682593582	1574.04124884396
ENSG00000198542.14	1200.56224097632	525.356405059519	1412.83377698488	313.904967209763	2229.01229644898	887.191671271597	1317.36146883058	712.689068157781	1385.942295356	1038.26641930259	1832.96671896769	1337.44935132489	2109.08121923397	1839.36731664686	2047.42190528163	1768.19197127369	1232.00159613745	602.698741257588	1205.66880140003	1146.44669050048	1653.36468574744	1560.04882363205	3178.52604737512	1183.34736900992
ENSG00000198771.11	23.5585820281757	27.7970282844202	30.3157591823518	33.103679781337	21.6199137828458	18.091900935684	24.5753292394102	22.2093140870518	21.5976332339489	20.5295399958029	22.5993478959629	20.6229786694912	22.1044662596529	27.1524407721744	21.5933968865311	18.091900935684	21.476832439541	25.9121352398401	27.8183029416351	21.6506577653276	23.8776841107132	22.7199170431882	44.8175462664678	22.3031207626539
ENSG00000203805.10	270.845427204131	144.017962784108	194.079355556001	157.904570028779	225.730646243962	135.997398415273	241.924631903687	182.65211971441	202.727368854802	199.371682849098	238.72724877423	191.919495759481	227.223845723376	217.449577999249	291.091137813083	308.691488050544	228.868918824457	138.769185231633	276.173536085478	269.194865443778	202.382986693459	221.669345989721	128.795895931294	239.473957863772
ENSG00000211448.12	337.87461693023	346.018442266582	195.940428660586	142.068147697811	372.406930167041	199.786166328558	307.18567596155	171.945411158029	248.63692371608	132.11278755826	517.339767985709	256.249879031053	225.423656897297	226.795642592925	255.617018386127	427.254009588061	191.077318667645	196.761326200237	588.910810108602	292.444845058331	384.953297971565	237.332320116679	919.263995474414	178.399981061083
ENSG00000214357.8	80.6925625141872	65.3222248499503	84.775758032918	64.5131679888538	56.8676086009059	50.9731800029226	93.5556353312395	102.86487108041	97.6360960879914	83.0117160858513	76.9545224175953	74.0671594372454	68.0124687668886	58.740028810932	89.7949187823026	83.8704123319071	88.2066923789929	52.301165418199	100.304859912787	94.2907533247111	56.7187644573256	60.1719266369027	80.5810207072405	29.6505059236879
ENSG00000226445.2	1579.71160092935	2603.75242157942	1078.24064015824	906.723974766319	1445.14382458954	2055.57038022953	1170.10801886954	751.360703560183	1730.45625550994	1019.40485130276	2239.30552645218	1664.38521314035	1247.16161067693	1794.16798617141	1495.43180068374	1889.87906315548	935.878827557539	1746.89190160179	2103.54065867966	2654.65281652741	905.085369218384	1449.3137961236	983.708824991039	1535.84132848042
ENSG00000253123.4	46.5934433636308	41.2369066522328	53.9732003231187	46.491140177699	41.2369066522328	49.6869122024466	48.3211185055104	41.2369066522328	46.9312498963269	41.2369066522328	58.5074238891726	41.2369066522328	41.2369066522328	41.2369066522328	41.2369066522328	41.2369066522328	41.2369066522328	41.2369066522328	41.2369066522328	47.0154927895133	46.8861018332198	41.2369066522328	66.9488581155387	49.1963528404814
ENSG00000262655.4	2146.15474632968	2909.94146117793	294.012861610267	1047.09329457438	1382.13847302735	4042.96749442687	909.852243348564	755.197325218776	1058.75690017168	737.870886738358	1404.00939820659	2494.35789552767	652.598069886129	975.579509071578	802.348057254036	824.388713361274	651.951013498919	1317.01469811494	925.791794242718	1714.03939099417	585.80475138038	1227.0054787266	176.88219316187	410.126061244578
